         1.0000  11.9000000000
         1.1000  12.4679000000
         1.2000  13.0352000000
         1.3000  13.6073000000
         1.4000  14.1896000000
         1.5000  14.7875000000
         1.6000  15.4064000000
         1.7000  16.0517000000
         1.8000  16.7288000000
         1.9000  17.4431000000
         2.0000  18.2000000000
         2.1000  19.0049000000
         2.2000  19.8632000000
         2.3000  20.7803000000
         2.4000  21.7616000000
         2.5000  22.8125000000
         2.6000  23.9384000000
         2.7000  25.1447000000
         2.8000  26.4368000000
         2.9000  27.8201000000
         3.0000  29.3000000000
         3.1000  30.8819000000
         3.2000  32.5712000000
         3.3000  34.3733000000
         3.4000  36.2936000000
         3.5000  38.3375000000
         3.6000  40.5104000000
         3.7000  42.8177000000
         3.8000  45.2648000000
         3.9000  47.8571000000
         4.0000  50.6000000000
         4.1000  53.4989000000
         4.2000  56.5592000000
         4.3000  59.7863000000
         4.4000  63.1856000000
         4.5000  66.7625000000
         4.6000  70.5224000000
         4.7000  74.4707000000
         4.8000  78.6128000000
         4.9000  82.9541000000
         5.0000  87.5000000000
         5.1000  92.2559000000
         5.2000  97.2272000000
         5.3000 102.4193000000
         5.4000 107.8376000000
         5.5000 113.4875000000
         5.6000 119.3744000000
         5.7000 125.5037000000
         5.8000 131.8808000000
         5.9000 138.5111000000
         6.0000 145.4000000000
         6.1000 152.5529000000
         6.2000 159.9752000000
         6.3000 167.6723000000
         6.4000 175.6496000000
         6.5000 183.9125000000
         6.6000 192.4664000000
         6.7000 201.3167000000
         6.8000 210.4688000000
         6.9000 219.9281000000
         7.0000 229.7000000000
         7.1000 239.7899000000
         7.2000 250.2032000000
         7.3000 260.9453000000
         7.4000 272.0216000000
         7.5000 283.4375000000
         7.6000 295.1984000000
         7.7000 307.3097000000
         7.8000 319.7768000000
         7.9000 332.6051000000
         8.0000 345.8000000000
         8.1000 359.3669000000
         8.2000 373.3112000000
         8.3000 387.6383000000
         8.4000 402.3536000000
         8.5000 417.4625000000
         8.6000 432.9704000000
         8.7000 448.8827000000
         8.8000 465.2048000000
         8.9000 481.9421000000
         9.0000 499.1000000000
         9.1000 516.6839000000
         9.2000 534.6992000000
         9.3000 553.1513000000
         9.4000 572.0456000000
         9.5000 591.3875000000
         9.6000 611.1824000000
         9.7000 631.4357000000
         9.8000 652.1528000000
         9.9000 673.3391000000
        10.0000 695.0000000000
