             x      Linear LP     L_Error(%)   Quadratic LP     Q_Error(%)       Cubic LP     C_Error(%) 
           1.01      11.956790       0.001513      11.956817       0.001290      11.956971       0.000002
           1.02      12.013580       0.002554      12.013628       0.002157      12.013887       0.000002
           1.03      12.070370       0.003186      12.070433       0.002665      12.070754       0.000002
           1.04      12.127159       0.003451      12.127232       0.002853      12.127578       0.000002
           1.05      12.183949       0.003390      12.184025       0.002771      12.184362       0.000001
           1.06      12.240740       0.003060      12.240812       0.002468      12.241115       0.000002
           1.07      12.297530       0.002509      12.297593       0.001997      12.297839       0.000004
           1.08      12.354320       0.001791      12.354368       0.001397      12.354542       0.000008
           1.09      12.411110       0.000936      12.411137       0.000721      12.411226       0.000001
           1.10      12.467900       0.000002      12.467900       0.000002      12.467900       0.000002
           1.11      12.524630       0.000493      12.524657       0.000714      12.524568       0.000002
           1.12      12.581360       0.000991      12.581408       0.001370      12.581235       0.000002
           1.13      12.638090       0.001447      12.638153       0.001945      12.637907       0.000002
           1.14      12.694820       0.001818      12.694892       0.002382      12.694590       0.000000
           1.15      12.751551       0.002064      12.751625       0.002647      12.751287       0.000000
           1.16      12.808280       0.002136      12.807704       0.002361      12.808006       0.000001
           1.17      12.865010       0.002010      12.864506       0.001912      12.864752       0.000001
           1.18      12.921740       0.001631      12.921355       0.001343      12.921529       0.000000
           1.19      12.978470       0.000977      12.978254       0.000684      12.978343       0.000001
           1.20      13.035199       0.000006      13.035200       0.000001      13.035200       0.000001
           1.21      13.092410       0.002331      13.092194       0.000678      13.092105       0.000000
           1.22      13.149619       0.004228      13.149236       0.001312      13.149063       0.000000
           1.23      13.206829       0.005670      13.206326       0.001864      13.206080       0.000001
           1.24      13.264040       0.006623      13.263464       0.002280      13.263162       0.000001
           1.25      13.321250       0.007038      13.319975       0.002534      13.320312       0.000000
           1.26      13.378460       0.006889      13.377235       0.002265      13.377539       0.000002
           1.27      13.435670       0.006142      13.434599       0.001829      13.434844       0.000005
           1.28      13.492881       0.004774      13.492064       0.001277      13.492237       0.000002
           1.29      13.550090       0.002729      13.549631       0.000656      13.549720       0.000002
           1.30      13.607300       0.000001      13.607300       0.000001      13.607301       0.000006
           1.31      13.665530       0.004013      13.665071       0.000649      13.664982       0.000000
           1.32      13.723761       0.007210      13.722944       0.001261      13.722771       0.000003
           1.33      13.781990       0.009555      13.780919       0.001784      13.780674       0.000005
           1.34      13.840219       0.011027      13.838996       0.002185      13.838695       0.000007
           1.35      13.898451       0.011610      13.896501       0.002424      13.896837       0.000002
           1.36      13.956680       0.011250      13.954808       0.002165      13.955111       0.000001
           1.37      14.014910       0.009934      14.013272       0.001751      14.013518       0.000005
           1.38      14.073140       0.007642      14.071893       0.001222      14.072064       0.000002
           1.39      14.131370       0.004335      14.130668       0.000632      14.130757       0.000002
           1.40      14.189601       0.000007      14.189600       0.000000      14.189600       0.000000
           1.41      14.249390       0.005550      14.248688       0.000624      14.248599       0.000001
           1.42      14.309180       0.009932      14.307932       0.001207      14.307759       0.000001
           1.43      14.368970       0.013111      14.367332       0.001714      14.367086       0.000001
           1.44      14.428761       0.015076      14.426888       0.002100      14.426585       0.000002
           1.45      14.488550       0.015793      14.485925       0.002331      14.486262       0.000001
           1.46      14.548340       0.015245      14.545820       0.002077      14.546123       0.000001
           1.47      14.608130       0.013418      14.605926       0.001678      14.606172       0.000007
           1.48      14.667920       0.010278      14.666241       0.001173      14.666413       0.000004
           1.49      14.727711       0.005817      14.726766       0.000600      14.726854       0.000002
           1.50      14.787500       0.000003      14.787500       0.000003      14.787500       0.000003
           1.51      14.849390       0.006965      14.848445       0.000600      14.848356       0.000003
           1.52      14.911281       0.012432      14.909600       0.001161      14.909428       0.000003
           1.53      14.973169       0.016366      14.970964       0.001638      14.970719       0.000001
           1.54      15.035060       0.018776      15.032539       0.002008      15.032237       0.000003
           1.55      15.096950       0.019625      15.093650       0.002236      15.093987       0.000000
           1.56      15.158840       0.018909      15.155672       0.001994      15.155973       0.000006
           1.57      15.220729       0.016594      15.217957       0.001617      15.218204       0.000000
           1.58      15.282619       0.012688      15.280507       0.001136      15.280681       0.000000
           1.59      15.344510       0.007163      15.343322       0.000581      15.343410       0.000003
           1.60      15.406400       0.000001      15.406400       0.000001      15.406400       0.000001
           1.61      15.470929       0.008251      15.469741       0.000569      15.469652       0.000004
           1.62      15.535460       0.014707      15.533347       0.001107      15.533175       0.000002
           1.63      15.599990       0.019348      15.597218       0.001573      15.596972       0.000002
           1.64      15.664520       0.022162      15.661352       0.001932      15.661050       0.000002
           1.65      15.729050       0.023130      15.725749       0.002141      15.725412       0.000000
           1.66      15.793580       0.022253      15.789764       0.001912      15.790067       0.000003
           1.67      15.858110       0.019513      15.854771       0.001551      15.855017       0.000001
           1.68      15.922640       0.014894      15.920096       0.001082      15.920268       0.000004
           1.69      15.987170       0.008396      15.985740       0.000552      15.985827       0.000003
           1.70      16.051701       0.000004      16.051701       0.000004      16.051701       0.000004
           1.71      16.119410       0.009429      16.117979       0.000554      16.117891       0.000009
           1.72      16.187120       0.016790      16.184576       0.001069      16.184404       0.000008
           1.73      16.254829       0.022055      16.251492       0.001516      16.251245       0.000002
           1.74      16.322540       0.025240      16.318724       0.001852      16.318422       0.000005
           1.75      16.390249       0.026314      16.385599       0.002064      16.385937       0.000004
           1.76      16.457960       0.025294      16.453497       0.001832      16.453798       0.000000
           1.77      16.525671       0.022161      16.521765       0.001482      16.522011       0.000007
           1.78      16.593380       0.016897      16.590405       0.001038      16.590576       0.000003
           1.79      16.661091       0.009519      16.659416       0.000533      16.659506       0.000005
           1.80      16.728800       0.000000      16.728800       0.000000      16.728800       0.000000
           1.81      16.800230       0.010497      16.798557       0.000539      16.798466       0.000006
           1.82      16.871660       0.018669      16.868685       0.001030      16.868511       0.000001
           1.83      16.943090       0.024513      16.939184       0.001452      16.938938       0.000000
           1.84      17.014519       0.028015      17.010056       0.001776      17.009754       0.000004
           1.85      17.085951       0.029205      17.081299       0.001970      17.080963       0.000005
           1.86      17.157379       0.028036      17.152267       0.001765      17.152571       0.000003
           1.87      17.228809       0.024539      17.224337       0.001428      17.224583       0.000001
           1.88      17.300240       0.018702      17.296831       0.001003      17.297005       0.000000
           1.89      17.371670       0.010523      17.369753       0.000513      17.369843       0.000003
           1.90      17.443100       0.000001      17.443100       0.000001      17.443100       0.000001
           1.91      17.518789       0.011449      17.516872       0.000506      17.516785       0.000005
           1.92      17.594481       0.020360      17.591072       0.000984      17.590899       0.000003
           1.93      17.670170       0.026711      17.665697       0.001392      17.665451       0.000001
           1.94      17.745861       0.030527      17.740747       0.001702      17.740446       0.000004
           1.95      17.821550       0.031786      17.815550       0.001894      17.815887       0.000001
           1.96      17.897242       0.030513      17.891481       0.001681      17.891783       0.000003
           1.97      17.972931       0.026688      17.967890       0.001368      17.968136       0.000002
           1.98      18.048620       0.020325      18.044781       0.000953      18.044952       0.000001
           1.99      18.124310       0.011426      18.122150       0.000488      18.122240       0.000006
           2.00      18.200001       0.000005      18.200001       0.000005      18.200001       0.000005
           2.01      18.280491       0.012311      18.278330       0.000488      18.278240       0.000003
           2.02      18.360979       0.021856      18.357140       0.000940      18.356968       0.000005
           2.03      18.441469       0.028667      18.436430       0.001334      18.436186       0.000009
           2.04      18.521961       0.032749      18.516201       0.001640      18.515898       0.000002
           2.05      18.602451       0.034088      18.595776       0.001811      18.596113       0.000005
           2.06      18.682941       0.032699      18.676533       0.001614      18.676834       0.000001
           2.07      18.763430       0.028580      18.757824       0.001304      18.758070       0.000008
           2.08      18.843922       0.021768      18.839647       0.000920      18.839821       0.000001
           2.09      18.924412       0.012239      18.922007       0.000472      18.922096       0.000002
           2.10      19.004900       0.000001      19.004900       0.000001      19.004900       0.000001
           2.11      19.090731       0.013060      19.088327       0.000470      19.088240       0.000010
           2.12      19.176561       0.023192      19.172289       0.000907      19.172115       0.000002
           2.13      19.262390       0.030395      19.256783       0.001275      19.256538       0.000007
           2.14      19.348219       0.034690      19.341812       0.001565      19.341509       0.000003
           2.15      19.434050       0.036096      19.427374       0.001733      19.427036       0.000005
           2.16      19.519880       0.034613      19.512823       0.001553      19.513126       0.000001
           2.17      19.605709       0.030243      19.599535       0.001258      19.599781       0.000002
           2.18      19.691538       0.023006      19.686834       0.000885      19.687008       0.000003
           2.19      19.777369       0.012924      19.774721       0.000464      19.774811       0.000010
           2.20      19.863199       0.000003      19.863199       0.000003      19.863199       0.000003
           2.21      19.954908       0.013701      19.952263       0.000442      19.952173       0.000007
           2.22      20.046619       0.024332      20.041916       0.000863      20.041742       0.000003
           2.23      20.138329       0.031882      20.132154       0.001214      20.131910       0.000001
           2.24      20.230040       0.036386      20.222982       0.001489      20.222681       0.000001
           2.25      20.321751       0.037848      20.314400       0.001661      20.314062       0.000001
           2.26      20.413460       0.036272      20.405756       0.001481      20.406059       0.000006
           2.27      20.505171       0.031692      20.498428       0.001201      20.498674       0.000000
           2.28      20.596880       0.024104      20.591743       0.000840      20.591917       0.000002
           2.29      20.688591       0.013542      20.685701       0.000428      20.685789       0.000003
           2.30      20.780300       0.000002      20.780300       0.000002      20.780300       0.000002
           2.31      20.878431       0.014274      20.875542       0.000431      20.875452       0.000002
           2.32      20.976561       0.025319      20.971424       0.000826      20.971251       0.000002
           2.33      21.074690       0.033164      21.067949       0.001169      21.067703       0.000001
           2.34      21.172819       0.037826      21.165115       0.001427      21.164814       0.000003
           2.35      21.270950       0.039333      21.262924       0.001585      21.262589       0.000006
           2.36      21.369080       0.037683      21.360727       0.001417      21.361031       0.000002
           2.37      21.467209       0.032905      21.459902       0.001144      21.460148       0.000002
           2.38      21.565338       0.025017      21.559771       0.000807      21.559944       0.000002
           2.39      21.663469       0.014046      21.660337       0.000412      21.660427       0.000001
           2.40      21.761600       0.000004      21.761599       0.000005      21.761599       0.000005
           2.41      21.866690       0.014733      21.863558       0.000408      21.863468       0.000002
           2.42      21.971779       0.026131      21.966211       0.000785      21.966038       0.000005
           2.43      22.076870       0.034229      22.069561       0.001110      22.069315       0.000005
           2.44      22.181959       0.039028      22.173607       0.001360      22.173304       0.000007
           2.45      22.287048       0.040561      22.277676       0.001511      22.278013       0.000005
           2.46      22.392139       0.038856      22.383139       0.001355      22.383442       0.000001
           2.47      22.497229       0.033919      22.489353       0.001099      22.489599       0.000005
           2.48      22.602320       0.025788      22.596319       0.000767      22.596493       0.000001
           2.49      22.707409       0.014469      22.704035       0.000392      22.704124       0.000003
           2.50      22.812500       0.000002      22.812500       0.000002      22.812500       0.000002
           2.51      22.925089       0.015110      22.921715       0.000389      22.921625       0.000002
           2.52      23.037680       0.026802      23.031679       0.000748      23.031507       0.000003
           2.53      23.150270       0.035094      23.142395       0.001063      23.142149       0.000000
           2.54      23.262859       0.040003      23.253860       0.001304      23.253559       0.000008
           2.55      23.375450       0.041570      23.365400       0.001441      23.365738       0.000003
           2.56      23.488039       0.039802      23.478394       0.001280      23.478695       0.000004
           2.57      23.600632       0.034750      23.592188       0.001040      23.592436       0.000011
           2.58      23.713221       0.026407      23.706789       0.000723      23.706963       0.000009
           2.59      23.825811       0.014821      23.822193       0.000367      23.822283       0.000009
           2.60      23.938400       0.000003      23.938400       0.000003      23.938400       0.000003
           2.61      24.059031       0.015415      24.055412       0.000373      24.055325       0.000009
           2.62      24.179661       0.027328      24.173229       0.000722      24.173056       0.000004
           2.63      24.300291       0.035770      24.291847       0.001010      24.291601       0.000003
           2.64      24.420919       0.040761      24.411272       0.001241      24.410969       0.000002
           2.65      24.541550       0.042345      24.530825       0.001375      24.531160       0.000007
           2.66      24.662180       0.040540      24.651882       0.001232      24.652185       0.000002
           2.67      24.782808       0.035368      24.773800       0.000994      24.774044       0.000009
           2.68      24.903439       0.026872      24.896574       0.000700      24.896748       0.000003
           2.69      25.024067       0.015065      25.020206       0.000364      25.020296       0.000006
           2.70      25.144699       0.000002      25.144697       0.000009      25.144699       0.000002
           2.71      25.273909       0.015628      25.270048       0.000351      25.269958       0.000004
           2.72      25.403118       0.027703      25.396254       0.000673      25.396080       0.000011
           2.73      25.532330       0.036260      25.523319       0.000958      25.523075       0.000001
           2.74      25.661539       0.041316      25.651241       0.001170      25.650940       0.000005
           2.75      25.790751       0.042916      25.780024       0.001306      25.779688       0.000003
           2.76      25.919960       0.041075      25.909016       0.001167      25.909319       0.000004
           2.77      26.049170       0.035831      26.039593       0.000946      26.039839       0.000002
           2.78      26.178379       0.027216      26.171083       0.000660      26.171255       0.000004
           2.79      26.307590       0.015268      26.303486       0.000337      26.303576       0.000004
           2.80      26.436800       0.000002      26.436800       0.000002      26.436800       0.000002
           2.81      26.575130       0.015785      26.571026       0.000337      26.570936       0.000001
           2.82      26.713459       0.027965      26.706163       0.000647      26.705992       0.000004
           2.83      26.851789       0.036591      26.842215       0.000920      26.841969       0.000003
           2.84      26.990120       0.041688      26.979176       0.001121      26.978872       0.000003
           2.85      27.128450       0.043289      27.116375       0.001243      27.116711       0.000005
           2.86      27.266779       0.041420      27.255186       0.001114      27.255489       0.000002
           2.87      27.405107       0.036121      27.394966       0.000898      27.395212       0.000000
           2.88      27.543440       0.027439      27.535711       0.000628      27.535883       0.000005
           2.89      27.681770       0.015387      27.677422       0.000325      27.677511       0.000001
           2.90      27.820099       0.000002      27.820099       0.000002      27.820099       0.000002
           2.91      27.968088       0.015859      27.963743       0.000322      27.963652       0.000006
           2.92      28.116079       0.028108      28.108351       0.000613      28.108179       0.000002
           2.93      28.264069       0.036767      28.253925       0.000866      28.253679       0.000005
           2.94      28.412058       0.041876      28.400465       0.001057      28.400164       0.000005
           2.95      28.560047       0.043472      28.547974       0.001180      28.547638       0.000004
           2.96      28.708038       0.041597      28.695797       0.001062      28.696100       0.000005
           2.97      28.856030       0.036278      28.845318       0.000857      28.845566       0.000003
           2.98      29.004019       0.027544      28.995857       0.000603      28.996033       0.000002
           2.99      29.152008       0.015437      29.147419       0.000307      29.147507       0.000006
           3.00      29.299997       0.000007      29.299999       0.000000      29.299997       0.000007
           3.01      29.458189       0.015885      29.453598       0.000298      29.453510       0.000000
           3.02      29.616379       0.028142      29.608219       0.000583      29.608046       0.000003
           3.03      29.774569       0.036807      29.763859       0.000824      29.763615       0.000004
           3.04      29.932760       0.041923      29.920519       0.001009      29.920218       0.000002
           3.05      30.090950       0.043515      30.077524       0.001122      30.077862       0.000000
           3.06      30.249140       0.041626      30.236252       0.000998      30.236553       0.000002
           3.07      30.407331       0.036299      30.396053       0.000805      30.396299       0.000005
           3.08      30.565521       0.027559      30.556929       0.000561      30.557102       0.000007
           3.09      30.723711       0.015449      30.718880       0.000279      30.718967       0.000007
           3.10      30.881903       0.000011      30.881901       0.000005      30.881901       0.000005
           3.11      31.050833       0.015866      31.045998       0.000291      31.045910       0.000009
           3.12      31.219763       0.028094      31.211168       0.000557      31.210997       0.000007
           3.13      31.388691       0.036729      31.377415       0.000791      31.377169       0.000007
           3.14      31.557621       0.041821      31.544733       0.000965      31.544432       0.000009
           3.15      31.726551       0.043403      31.712450       0.001062      31.712788       0.000003
           3.16      31.895481       0.041514      31.881945       0.000944      31.882248       0.000007
           3.17      32.064411       0.036191      32.052567       0.000762      32.052811       0.000001
           3.18      32.233337       0.027462      32.224316       0.000535      32.224487       0.000002
           3.19      32.402271       0.015399      32.397194       0.000273      32.397285       0.000010
           3.20      32.571201       0.000007      32.571201       0.000007      32.571201       0.000007
           3.21      32.751408       0.015768      32.746334       0.000275      32.746243       0.000005
           3.22      32.931618       0.027931      32.922596       0.000527      32.922424       0.000006
           3.23      33.111828       0.036521      33.099983       0.000737      33.099739       0.000001
           3.24      33.292042       0.041592      33.278503       0.000910      33.278202       0.000004
           3.25      33.472248       0.043148      33.458149       0.001008      33.457813       0.000005
           3.26      33.652458       0.041264      33.638275       0.000899      33.638580       0.000008
           3.27      33.832668       0.035968      33.820259       0.000723      33.820503       0.000002
           3.28      34.012878       0.027299      34.003422       0.000512      34.003597       0.000004
           3.29      34.193089       0.015296      34.187771       0.000258      34.187859       0.000002
           3.30      34.373299       0.000001      34.373299       0.000001      34.373299       0.000001
           3.31      34.565327       0.015642      34.560009       0.000255      34.559921       0.000001
           3.32      34.757359       0.027709      34.747902       0.000494      34.747730       0.000000
           3.33      34.949387       0.036221      34.936977       0.000701      34.936729       0.000008
           3.34      35.141418       0.041239      35.127232       0.000851      35.126930       0.000007
           3.35      35.333447       0.042782      35.318672       0.000950      35.318333       0.000011
           3.36      35.525475       0.040903      35.510643       0.000863      35.510944       0.000014
           3.37      35.717506       0.035653      35.704525       0.000705      35.704773       0.000010
           3.38      35.909538       0.027060      35.899647       0.000493      35.899822       0.000004
           3.39      36.101566       0.015155      36.096004       0.000254      36.096092       0.000011
           3.40      36.293594       0.000013      36.293598       0.000002      36.293598       0.000002
           3.41      36.497986       0.015477      36.492424       0.000236      36.492332       0.000015
           3.42      36.702377       0.027415      36.692490       0.000467      36.692314       0.000011
           3.43      36.906769       0.035843      36.893787       0.000656      36.893543       0.000005
           3.44      37.111156       0.040791      37.096325       0.000810      37.096024       0.000003
           3.45      37.315548       0.042323      37.300098       0.000904      37.299759       0.000007
           3.46      37.519939       0.040470      37.504459       0.000805      37.504761       0.000001
           3.47      37.724327       0.035262      37.710785       0.000649      37.711029       0.000001
           3.48      37.928719       0.026760      37.918400       0.000453      37.918571       0.000000
           3.49      38.133110       0.014995      38.127304       0.000233      38.127396       0.000007
           3.50      38.337502       0.000007      38.337502       0.000007      38.337502       0.000007
           3.51      38.554790       0.015294      38.548985       0.000233      38.548897       0.000005
           3.52      38.772079       0.027072      38.761761       0.000451      38.761589       0.000008
           3.53      38.989368       0.035382      38.975826       0.000637      38.975578       0.000001
           3.54      39.206661       0.040277      39.191181       0.000778      39.190880       0.000009
           3.55      39.423950       0.041779      39.407150       0.000853      39.407490       0.000009
           3.56      39.641243       0.039949      39.625114       0.000754      39.625412       0.000003
           3.57      39.858528       0.034799      39.844418       0.000615      39.844666       0.000008
           3.58      40.075821       0.026410      40.065067       0.000430      40.065239       0.000001
           3.59      40.293110       0.014794      40.287060       0.000223      40.287151       0.000004
           3.60      40.510399       0.000000      40.510399       0.000000      40.510399       0.000000
           3.61      40.741131       0.015071      40.735081       0.000219      40.734993       0.000003
           3.62      40.971859       0.026672      40.961105       0.000419      40.960934       0.000000
           3.63      41.202587       0.034855      41.188477       0.000596      41.188232       0.000004
           3.64      41.433319       0.039672      41.417191       0.000730      41.416885       0.000007
           3.65      41.664047       0.041146      41.647247       0.000807      41.646908       0.000008
           3.66      41.894779       0.039338      41.877998       0.000732      41.878307       0.000006
           3.67      42.125507       0.034271      42.110828       0.000586      42.111076       0.000002
           3.68      42.356239       0.026005      42.345051       0.000417      42.345226       0.000003
           3.69      42.586967       0.014562      42.580673       0.000219      42.580765       0.000004
           3.70      42.817696       0.000007      42.817696       0.000007      42.817696       0.000007
           3.71      43.062408       0.014818      43.056118       0.000208      43.056026       0.000005
           3.72      43.307117       0.026228      43.295933       0.000395      43.295761       0.000001
           3.73      43.551830       0.034285      43.537148       0.000560      43.536903       0.000001
           3.74      43.796535       0.039003      43.779758       0.000681      43.779457       0.000007
           3.75      44.041248       0.040461      44.023102       0.000759      44.023438       0.000003
           3.76      44.285957       0.038674      44.268536       0.000681      44.268837       0.000000
           3.77      44.530670       0.033700      44.515423       0.000551      44.515667       0.000003
           3.78      44.775379       0.025565      44.763767       0.000375      44.763935       0.000000
           3.79      45.020088       0.014317      45.013554       0.000200      45.013645       0.000004
           3.80      45.264801       0.000006      45.264801       0.000006      45.264801       0.000006
           3.81      45.524029       0.014552      45.517494       0.000195      45.517406       0.000003
           3.82      45.783260       0.025760      45.771645       0.000382      45.771473       0.000007
           3.83      46.042488       0.033657      46.027245       0.000539      46.026997       0.000000
           3.84      46.301720       0.038302      46.284298       0.000661      46.283993       0.000002
           3.85      46.560951       0.039728      46.542122       0.000728      46.542461       0.000001
           3.86      46.820179       0.037969      46.802105       0.000649      46.802410       0.000003
           3.87      47.079411       0.033082      47.063595       0.000523      47.063843       0.000004
           3.88      47.338638       0.025092      47.326591       0.000363      47.326763       0.000000
           3.89      47.597866       0.014048      47.591091       0.000187      47.591179       0.000003
           3.90      47.857098       0.000001      47.857098       0.000001      47.857098       0.000001
           3.91      48.131390       0.014270      48.124611       0.000184      48.124523       0.000002
           3.92      48.405678       0.025252      48.393627       0.000351      48.393456       0.000004
           3.93      48.679966       0.032995      48.664154       0.000502      48.663910       0.000001
           3.94      48.954258       0.037547      48.936184       0.000613      48.935879       0.000010
           3.95      49.228546       0.038937      49.209721       0.000681      49.209385       0.000002
           3.96      49.502838       0.037219      49.484116       0.000616      49.484421       0.000000
           3.97      49.777126       0.032420      49.760746       0.000498      49.760990       0.000007
           3.98      50.051414       0.024588      50.038937       0.000348      50.039108       0.000005
           3.99      50.325706       0.013771      50.318684       0.000186      50.318775       0.000004
           4.00      50.599998       0.000001      50.599998       0.000001      50.599995       0.000007
           4.01      50.889885       0.013965      50.882866       0.000171      50.882778       0.000002
           4.02      51.179779       0.024730      51.167297       0.000336      51.167122       0.000007
           4.03      51.469669       0.032315      51.453285       0.000472      51.453041       0.000002
           4.04      51.759560       0.036768      51.740837       0.000583      51.740536       0.000000
           4.05      52.049446       0.038124      52.029278       0.000639      52.029613       0.000006
           4.06      52.339340       0.036444      52.319973       0.000572      52.320274       0.000004
           4.07      52.629230       0.031749      52.612282       0.000465      52.612530       0.000006
           4.08      52.919121       0.024084      52.906208       0.000323      52.906384       0.000009
           4.09      53.209011       0.013490      53.201748       0.000162      53.201839       0.000010
           4.10      53.498905       0.000014      53.498901       0.000006      53.498901       0.000006
           4.11      53.804932       0.013673      53.797672       0.000179      53.797581       0.000009
           4.12      54.110962       0.024195      54.098049       0.000325      54.097878       0.000008
           4.13      54.416992       0.031612      54.400043       0.000456      54.399799       0.000008
           4.14      54.723022       0.035967      54.703655       0.000563      54.703354       0.000012
           4.15      55.029053       0.037299      55.008205       0.000600      55.008545       0.000017
           4.16      55.335083       0.035648      55.315067       0.000537      55.315369       0.000008
           4.17      55.641113       0.031055      55.623600       0.000431      55.623848       0.000015
           4.18      55.947144       0.023558      55.933800       0.000298      55.933971       0.000009
           4.19      56.253174       0.013197      56.245667       0.000150      56.245754       0.000006
           4.20      56.559204       0.000011      56.559204       0.000011      56.559204       0.000011
           4.21      56.881912       0.013362      56.874405       0.000162      56.874317       0.000008
           4.22      57.204624       0.023646      57.191277       0.000307      57.191105       0.000007
           4.23      57.527332       0.030889      57.509819       0.000437      57.509571       0.000005
           4.24      57.850037       0.035133      57.830025       0.000528      57.829723       0.000007
           4.25      58.172749       0.036437      58.151222       0.000581      58.151562       0.000003
           4.26      58.495457       0.034819      58.474792       0.000519      58.475094       0.000004
           4.27      58.818165       0.030327      58.800083       0.000424      58.800327       0.000009
           4.28      59.140873       0.022999      59.127098       0.000298      59.127270       0.000008
           4.29      59.463581       0.012872      59.455833       0.000159      59.455925       0.000005
           4.30      59.786293       0.000008      59.786293       0.000008      59.786293       0.000008
           4.31      60.126221       0.013026      60.118473       0.000139      60.118382       0.000013
           4.32      60.466152       0.023065      60.452374       0.000273      60.452206       0.000005
           4.33      60.806084       0.030142      60.788002       0.000397      60.787758       0.000005
           4.34      61.146015       0.034297      61.125347       0.000484      61.125046       0.000009
           4.35      61.485947       0.035568      61.464417       0.000539      61.464077       0.000013
           4.36      61.825874       0.033988      61.804562       0.000495      61.804863       0.000008
           4.37      62.165802       0.029602      62.147152       0.000407      62.147400       0.000008
           4.38      62.505733       0.022453      62.491528       0.000279      62.491699       0.000005
           4.39      62.845665       0.012573      62.837673       0.000145      62.837761       0.000006
           4.40      63.185593       0.000007      63.185596       0.000001      63.185596       0.000001
           4.41      63.543285       0.012716      63.535290       0.000131      63.535202       0.000007
           4.42      63.900970       0.022499      63.886768       0.000269      63.886593       0.000006
           4.43      64.258659       0.029399      64.240013       0.000373      64.239769       0.000007
           4.44      64.616356       0.033459      64.595039       0.000459      64.594742       0.000002
           4.45      64.974045       0.034695      64.951843       0.000513      64.951508       0.000003
           4.46      65.331734       0.033156      65.309776       0.000464      65.310074       0.000009
           4.47      65.689423       0.028879      65.670212       0.000375      65.670456       0.000003
           4.48      66.047119       0.021912      66.032471       0.000271      66.032646       0.000006
           4.49      66.404808       0.012270      66.396568       0.000140      66.396660       0.000002
           4.50      66.762497       0.000000      66.762497       0.000000      66.762489       0.000012
           4.51      67.138481       0.012391      67.130249       0.000128      67.130165       0.000003
           4.52      67.514473       0.021939      67.499832       0.000249      67.499664       0.000000
           4.53      67.890465       0.028670      67.871254       0.000365      67.871010       0.000005
           4.54      68.266457       0.032621      68.244499       0.000446      68.244194       0.000001
           4.55      68.642448       0.033830      68.619568       0.000486      68.619232       0.000003
           4.56      69.018440       0.032333      68.995827       0.000442      68.996132       0.000001
           4.57      69.394432       0.028168      69.374641       0.000359      69.374886       0.000007
           4.58      69.770416       0.021358      69.755348       0.000243      69.755516       0.000002
           4.59      70.146408       0.011962      70.137932       0.000123      70.138016       0.000003
           4.60      70.522400       0.000004      70.522400       0.000004      70.522400       0.000004
           4.61      70.917229       0.012084      70.908752       0.000131      70.908669       0.000012
           4.62      71.312057       0.021383      71.296989       0.000249      71.296822       0.000013
           4.63      71.706894       0.027948      71.687111       0.000351      71.686867       0.000011
           4.64      72.101723       0.031793      72.079117       0.000431      72.078819       0.000018
           4.65      72.496552       0.032967      72.472328       0.000457      72.472672       0.000017
           4.66      72.891380       0.031505      72.868134       0.000397      72.868431       0.000011
           4.67      73.286217       0.027452      73.265869       0.000320      73.266113       0.000013
           4.68      73.681046       0.020824      73.665543       0.000221      73.665718       0.000017
           4.69      74.075874       0.011664      74.067154       0.000109      74.067245       0.000014
           4.70      74.470711       0.000019      74.470711       0.000019      74.470711       0.000019
           4.71      74.884918       0.011782      74.876198       0.000135      74.876106       0.000013
           4.72      75.299126       0.020836      75.283623       0.000243      75.283447       0.000010
           4.73      75.713333       0.027217      75.692986       0.000335      75.692741       0.000013
           4.74      76.127541       0.030961      76.104286       0.000405      76.103981       0.000004
           4.75      76.541748       0.032103      76.516846       0.000442      76.517189       0.000007
           4.76      76.955956       0.030677      76.932045       0.000403      76.932358       0.000004
           4.77      77.370163       0.026719      77.349243       0.000327      77.349495       0.000002
           4.78      77.784370       0.020262      77.768433       0.000232      77.768608       0.000007
           4.79      78.198586       0.011349      78.189613       0.000126      78.189705       0.000008
           4.80      78.612793       0.000004      78.612793       0.000004      78.612793       0.000004
           4.81      79.046921       0.011447      79.037956       0.000105      79.037865       0.000011
           4.82      79.481049       0.020262      79.465111       0.000205      79.464935       0.000015
           4.83      79.915176       0.026475      79.894264       0.000300      79.894012       0.000015
           4.84      80.349312       0.030130      80.325401       0.000363      80.325104       0.000008
           4.85      80.783440       0.031242      80.758537       0.000407      80.758202       0.000009
           4.86      81.217575       0.029865      81.193016       0.000383      81.193321       0.000007
           4.87      81.651703       0.026012      81.630219       0.000307      81.630463       0.000008
           4.88      82.085831       0.019727      82.069466       0.000214      82.069633       0.000009
           4.89      82.519958       0.011041      82.510757       0.000110      82.510849       0.000001
           4.90      82.954094       0.000003      82.954094       0.000003      82.954094       0.000003
           4.91      83.408684       0.011144      83.399475       0.000102      83.399391       0.000001
           4.92      83.863274       0.019724      83.846901       0.000198      83.846733       0.000003
           4.93      84.317863       0.025774      84.296379       0.000287      84.296135       0.000003
           4.94      84.772453       0.029324      84.747902       0.000354      84.747597       0.000006
           4.95      85.227043       0.030410      85.200798       0.000394      85.201134       0.000000
           4.96      85.681633       0.029063      85.656433       0.000356      85.656738       0.000000
           4.97      86.136230       0.025325      86.114174       0.000288      86.114426       0.000005
           4.98      86.590820       0.019211      86.574013       0.000203      86.574188       0.000001
           4.99      87.045403       0.010751      87.035957       0.000101      87.036041       0.000004
           5.00      87.499992       0.000004      87.499992       0.000004      87.499992       0.000004
           5.01      87.975586       0.010844      87.966141       0.000107      87.966049       0.000003
           5.02      88.451180       0.019197      88.434372       0.000191      88.434204       0.000001
           5.03      88.926765       0.025078      88.904716       0.000277      88.904472       0.000003
           5.04      89.402351       0.028529      89.377151       0.000334      89.376854       0.000001
           5.05      89.877945       0.029590      89.851021       0.000375      89.851357       0.000002
           5.06      90.353539       0.028284      90.327690       0.000332      90.327988       0.000003
           5.07      90.829124       0.024635      90.806511       0.000268      90.806755       0.000001
           5.08      91.304718       0.018690      91.287483       0.000190      91.287659       0.000003
           5.09      91.780304       0.010463      91.770615       0.000095      91.770706       0.000005
           5.10      92.255898       0.000002      92.255898       0.000002      92.255898       0.000002
           5.11      92.753029       0.010551      92.743332       0.000095      92.743248       0.000005
           5.12      93.250160       0.018673      93.232925       0.000187      93.232758       0.000007
           5.13      93.747292       0.024400      93.724670       0.000264      93.724434       0.000012
           5.14      94.244423       0.027763      94.218575       0.000328      94.218277       0.000013
           5.15      94.741547       0.028785      94.713951       0.000350      94.714287       0.000004
           5.16      95.238686       0.027521      95.212196       0.000300      95.212494       0.000013
           5.17      95.735817       0.023978      95.712639       0.000238      95.712875       0.000009
           5.18      96.232948       0.018193      96.215286       0.000164      96.215454       0.000010
           5.19      96.730080       0.010196      96.720146       0.000075      96.720230       0.000012
           5.20      97.227211       0.000016      97.227211       0.000016      97.227211       0.000016
           5.21      97.746414       0.010266      97.736481       0.000103      97.736389       0.000009
           5.22      98.265617       0.018157      98.247963       0.000188      98.247787       0.000009
           5.23      98.784828       0.023727      98.761650       0.000258      98.761398       0.000003
           5.24      99.304039       0.026997      99.277542       0.000308      99.277237       0.000000
           5.25      99.823242       0.027992      99.795647       0.000340      99.795311       0.000003
           5.26     100.342453       0.026755     100.315308       0.000305     100.315613       0.000001
           5.27     100.861656       0.023301     100.837906       0.000252     100.838158       0.000002
           5.28     101.380867       0.017674     101.362770       0.000179     101.362946       0.000006
           5.29     101.900078       0.009896     101.889893       0.000101     101.889984       0.000011
           5.30     102.419281       0.000014     102.419281       0.000014     102.419281       0.000014
           5.31     102.961113       0.009962     102.950935       0.000076     102.950844       0.000013
           5.32     103.502945       0.017644     103.484848       0.000157     103.484673       0.000013
           5.33     104.044777       0.023062     104.021019       0.000222     104.020775       0.000013
           5.34     104.586601       0.026237     104.559456       0.000275     104.559158       0.000010
           5.35     105.128433       0.027213     105.100151       0.000303     105.099815       0.000016
           5.36     105.670265       0.026012     105.642471       0.000297     105.642776       0.000008
           5.37     106.212097       0.022662     106.187775       0.000243     106.188019       0.000013
           5.38     106.753929       0.017192     106.735397       0.000171     106.735573       0.000006
           5.39     107.295753       0.009621     107.285339       0.000086     107.285423       0.000008
           5.40     107.837585       0.000008     107.837593       0.000001     107.837593       0.000001
           5.41     108.402580       0.009693     108.392159       0.000078     108.392075       0.000001
           5.42     108.967567       0.017158     108.949043       0.000156     108.948868       0.000005
           5.43     109.532562       0.022429     109.508240       0.000218     109.507996       0.000005
           5.44     110.097549       0.025520     110.069763       0.000275     110.069458       0.000002
           5.45     110.662544       0.026472     110.632919       0.000305     110.633255       0.000002
           5.46     111.227531       0.025301     111.199097       0.000270     111.199402       0.000005
           5.47     111.792526       0.022047     111.767639       0.000220     111.767883       0.000002
           5.48     112.357521       0.016730     112.338554       0.000154     112.338730       0.000002
           5.49     112.922508       0.009370     112.911842       0.000076     112.911934       0.000005
           5.50     113.487495       0.000001     113.487495       0.000001     113.487503       0.000008
           5.51     114.076187       0.009431     114.065521       0.000080     114.065430       0.000000
           5.52     114.664879       0.016693     114.645920       0.000156     114.645744       0.000003
           5.53     115.253563       0.021808     115.228683       0.000217     115.228432       0.000001
           5.54     115.842255       0.024818     115.813820       0.000266     115.813515       0.000003
           5.55     116.430946       0.025743     116.400642       0.000291     116.400986       0.000004
           5.56     117.019638       0.024608     116.990547       0.000257     116.990852       0.000003
           5.57     117.608322       0.021435     117.582870       0.000210     117.583122       0.000004
           5.58     118.197014       0.016263     118.177628       0.000141     118.177795       0.000001
           5.59     118.785713       0.009117     118.774796       0.000075     118.774887       0.000002
           5.60     119.374397       0.000003     119.374397       0.000003     119.374397       0.000003
           5.61     119.987328       0.009169     119.976418       0.000076     119.976326       0.000001
           5.62     120.600258       0.016229     120.580872       0.000151     120.580696       0.000006
           5.63     121.213188       0.021209     121.187729       0.000200     121.187492       0.000005
           5.64     121.826126       0.024141     121.797028       0.000250     121.796730       0.000006
           5.65     122.439056       0.025039     122.408081       0.000266     122.408409       0.000002
           5.66     123.051987       0.023936     123.022255       0.000232     123.022545       0.000004
           5.67     123.664909       0.020850     123.638901       0.000186     123.639145       0.000012
           5.68     124.277847       0.015826     124.258026       0.000126     124.258194       0.000009
           5.69     124.890770       0.008863     124.879623       0.000063     124.879715       0.000011
           5.70     125.503708       0.000012     125.503700       0.000005     125.503708       0.000012
           5.71     126.141411       0.008917     126.130257       0.000074     126.130173       0.000007
           5.72     126.779121       0.015782     126.759300       0.000145     126.759125       0.000006
           5.73     127.416824       0.020618     127.390808       0.000196     127.390564       0.000004
           5.74     128.054535       0.023464     128.024811       0.000247     128.024506       0.000008
           5.75     128.692245       0.024339     128.661270       0.000264     128.660934       0.000003
           5.76     129.329941       0.023255     129.299561       0.000241     129.299866       0.000005
           5.77     129.967667       0.020274     129.941071       0.000194     129.941315       0.000006
           5.78     130.605362       0.015371     130.585098       0.000147     130.585281       0.000007
           5.79     131.243073       0.008606     131.231674       0.000079     131.231766       0.000009
           5.80     131.880783       0.000008     131.880783       0.000008     131.880783       0.000008
           5.81     132.543808       0.008653     132.532410       0.000053     132.532318       0.000016
           5.82     133.206848       0.015335     133.186584       0.000120     133.186401       0.000017
           5.83     133.869873       0.020040     133.843277       0.000169     133.843033       0.000014
           5.84     134.532898       0.022804     134.502518       0.000217     134.502213       0.000010
           5.85     135.195923       0.023651     135.164276       0.000237     135.163940       0.000011
           5.86     135.858963       0.022617     135.827927       0.000233     135.828232       0.000008
           5.87     136.521988       0.019702     136.494827       0.000196     136.495071       0.000018
           5.88     137.185013       0.014942     137.164322       0.000143     137.164505       0.000009
           5.89     137.848038       0.008360     137.836411       0.000076     137.836502       0.000009
           5.90     138.511078       0.000011     138.511078       0.000011     138.511078       0.000011
           5.91     139.199966       0.008413     139.188324       0.000049     139.188248       0.000006
           5.92     139.888855       0.014902     139.868179       0.000120     139.867996       0.000011
           5.93     140.577744       0.019480     140.550598       0.000167     140.550354       0.000007
           5.94     141.266647       0.022182     141.235611       0.000207     141.235306       0.000009
           5.95     141.955536       0.023010     141.923218       0.000238     141.922867       0.000009
           5.96     142.644424       0.021996     142.612732       0.000226     142.613052       0.000002
           5.97     143.333313       0.019165     143.305588       0.000182     143.305847       0.000001
           5.98     144.022202       0.014539     144.001083       0.000126     144.001251       0.000010
           5.99     144.711090       0.008140     144.699219       0.000064     144.699310       0.000001
           6.00     145.399979       0.000009     145.399994       0.000001     145.399994       0.000001
           6.01     146.115280       0.008191     146.103394       0.000055     146.103302       0.000008
           6.02     146.830566       0.014500     146.809448       0.000115     146.809280       0.000001
           6.03     147.545853       0.018951     147.518143       0.000167     147.517899       0.000002
           6.04     148.261154       0.021578     148.229462       0.000197     148.229172       0.000001
           6.05     148.976440       0.022382     148.943436       0.000222     148.943100       0.000003
           6.06     149.691742       0.021406     149.659409       0.000199     149.659698       0.000005
           6.07     150.407028       0.018651     150.378738       0.000161     150.378983       0.000001
           6.08     151.122330       0.014161     151.100769       0.000108     151.100937       0.000003
           6.09     151.837616       0.007936     151.825485       0.000054     151.825577       0.000006
           6.10     152.552902       0.000007     152.552902       0.000007     152.552902       0.000007
           6.11     153.295135       0.007976     153.283005       0.000062     153.282928       0.000012
           6.12     154.037369       0.014117     154.015808       0.000118     154.015640       0.000009
           6.13     154.779602       0.018451     154.751312       0.000170     154.751068       0.000012
           6.14     155.521820       0.020991     155.488861       0.000206     155.489197       0.000010
           6.15     156.264053       0.021778     156.229721       0.000197     156.230042       0.000008
           6.16     157.006287       0.020824     156.973312       0.000182     156.973602       0.000003
           6.17     157.748520       0.018150     157.719666       0.000144     157.719910       0.000011
           6.18     158.490753       0.013778     158.468765       0.000098     158.468933       0.000008
           6.19     159.232971       0.007717     159.220612       0.000046     159.220703       0.000012
           6.20     159.975220       0.000018     159.975204       0.000008     159.975220       0.000018
           6.21     160.744919       0.007760     160.732559       0.000070     160.732452       0.000004
           6.22     161.514618       0.013724     161.492645       0.000118     161.492477       0.000014
           6.23     162.284332       0.017941     162.255478       0.000158     162.255234       0.000008
           6.24     163.054031       0.020414     163.021072       0.000196     163.020767       0.000009
           6.25     163.823746       0.021181     163.788712       0.000209     163.789062       0.000006
           6.26     164.593445       0.020245     164.559830       0.000182     164.560135       0.000003
           6.27     165.363159       0.017645     165.333740       0.000148     165.333984       0.000001
           6.28     166.132874       0.013392     166.110443       0.000111     166.110626       0.000001
           6.29     166.902573       0.007497     166.889954       0.000064     166.890045       0.000009
           6.30     167.672272       0.000011     167.672272       0.000011     167.672272       0.000011
           6.31     168.470016       0.007535     168.457397       0.000044     168.457306       0.000010
           6.32     169.267746       0.013344     169.245316       0.000091     169.245148       0.000008
           6.33     170.065460       0.017435     170.036041       0.000134     170.035797       0.000010
           6.34     170.863205       0.019857     170.829575       0.000170     170.829269       0.000009
           6.35     171.660934       0.020601     171.625900       0.000188     171.625565       0.000008
           6.36     172.458664       0.019697     172.424377       0.000188     172.424683       0.000011
           6.37     173.256378       0.017157     173.226395       0.000152     173.226654       0.000002
           6.38     174.054108       0.013016     174.031281       0.000100     174.031433       0.000013
           6.39     174.851852       0.007295     174.838989       0.000062     174.839096       0.000001
           6.40     175.649582       0.000005     175.649582       0.000005     175.649582       0.000005
           6.41     176.475876       0.007331     176.463028       0.000050     176.462921       0.000010
           6.42     177.302170       0.012985     177.279312       0.000092     177.279144       0.000003
           6.43     178.128448       0.016969     178.098465       0.000134     178.098221       0.000003
           6.44     178.954758       0.019328     178.920471       0.000165     178.920166       0.000005
           6.45     179.781036       0.020047     179.744675       0.000182     179.744995       0.000004
           6.46     180.607330       0.019171     180.572403       0.000171     180.572723       0.000006
           6.47     181.433624       0.016711     181.403061       0.000138     181.403305       0.000003
           6.48     182.259918       0.012684     182.236633       0.000093     182.236816       0.000008
           6.49     183.086197       0.007103     183.073105       0.000049     183.073196       0.000001
           6.50     183.912491       0.000001     183.912491       0.000001     183.912506       0.000009
           6.51     184.767883       0.007138     184.754791       0.000052     184.754700       0.000002
           6.52     185.623276       0.012640     185.599991       0.000094     185.599823       0.000003
           6.53     186.478668       0.016524     186.448105       0.000132     186.447861       0.000001
           6.54     187.334061       0.018811     187.299133       0.000164     187.298828       0.000001
           6.55     188.189453       0.019519     188.152390       0.000179     188.152740       0.000007
           6.56     189.044830       0.018659     189.009262       0.000160     189.009567       0.000002
           6.57     189.900238       0.016272     189.869110       0.000123     189.869354       0.000006
           6.58     190.755615       0.012345     190.731903       0.000088     190.732086       0.000008
           6.59     191.611008       0.006919     191.597672       0.000041     191.597763       0.000007
           6.60     192.466400       0.000006     192.466385       0.000002     192.466385       0.000002
           6.61     193.351425       0.006948     193.338089       0.000050     193.337997       0.000003
           6.62     194.236465       0.012307     194.212738       0.000090     194.212570       0.000003
           6.63     195.121490       0.016084     195.090363       0.000129     195.090118       0.000004
           6.64     196.006516       0.018307     195.970947       0.000158     195.970657       0.000010
           6.65     196.891556       0.019001     196.853836       0.000160     196.854156       0.000003
           6.66     197.776581       0.018168     197.740372       0.000143     197.740662       0.000003
           6.67     198.661606       0.015834     198.629929       0.000114     198.630173       0.000009
           6.68     199.546631       0.012015     199.522507       0.000076     199.522659       0.000001
           6.69     200.431671       0.006738     200.418091       0.000038     200.418182       0.000008
           6.70     201.316696       0.000004     201.316696       0.000004     201.316711       0.000011
           6.71     202.231903       0.006762     202.218323       0.000047     202.218246       0.000009
           6.72     203.147110       0.011972     203.122971       0.000088     203.122803       0.000005
           6.73     204.062317       0.015651     204.030640       0.000125     204.030396       0.000006
           6.74     204.977539       0.017824     204.941315       0.000149     204.941010       0.000000
           6.75     205.892746       0.018494     205.855026       0.000170     205.854675       0.000000
           6.76     206.807953       0.017684     206.771072       0.000152     206.771378       0.000004
           6.77     207.723145       0.015406     207.690887       0.000125     207.691132       0.000008
           6.78     208.638351       0.011690     208.613770       0.000094     208.613953       0.000006
           6.79     209.553558       0.006545     209.539734       0.000052     209.539825       0.000008
           6.80     210.468765       0.000011     210.468765       0.000011     210.468765       0.000011
           6.81     211.414703       0.006575     211.400864       0.000028     211.400787       0.000008
           6.82     212.360626       0.011645     212.336044       0.000068     212.335876       0.000011
           6.83     213.306549       0.015226     213.274292       0.000101     213.274063       0.000006
           6.84     214.252487       0.017340     214.215622       0.000131     214.215317       0.000011
           6.85     215.198425       0.017998     215.160019       0.000148     215.159683       0.000008
           6.86     216.144348       0.017209     216.106842       0.000146     216.107147       0.000005
           6.87     217.090271       0.014996     217.057465       0.000118     217.057709       0.000005
           6.88     218.036224       0.011390     218.011215       0.000081     218.011383       0.000004
           6.89     218.982147       0.006379     218.968079       0.000046     218.968155       0.000011
           6.90     219.928085       0.000001     219.928085       0.000001     219.928085       0.000001
           6.91     220.905273       0.006407     220.891205       0.000038     220.891113       0.000004
           6.92     221.882462       0.011347     221.857452       0.000075     221.857285       0.000001
           6.93     222.859650       0.014837     222.826828       0.000108     222.826584       0.000002
           6.94     223.836838       0.016892     223.799332       0.000134     223.799026       0.000003
           6.95     224.814026       0.017529     224.774948       0.000144     224.774612       0.000005
           6.96     225.791229       0.016770     225.753052       0.000141     225.753372       0.000001
           6.97     226.768417       0.014618     226.735016       0.000113     226.735260       0.000006
           6.98     227.745605       0.011095     227.720154       0.000082     227.720337       0.000001
           6.99     228.722794       0.006217     228.708481       0.000042     228.708572       0.000002
           7.00     229.699982       0.000002     229.699982       0.000002     229.699982       0.000002
           7.01     230.708969       0.006238     230.694656       0.000034     230.694580       0.000001
           7.02     231.717957       0.011050     231.692520       0.000072     231.692352       0.000001
           7.03     232.726959       0.014456     232.693558       0.000102     232.693329       0.000003
           7.04     233.735947       0.016458     233.697784       0.000129     233.697479       0.000002
           7.05     234.744949       0.017085     234.704514       0.000143     234.704849       0.000000
           7.06     235.753922       0.016334     235.715134       0.000122     235.715424       0.000001
           7.07     236.762924       0.014244     236.728973       0.000098     236.729202       0.000001
           7.08     237.771912       0.010812     237.746033       0.000073     237.746216       0.000004
           7.09     238.780899       0.006059     238.766357       0.000031     238.766449       0.000007
           7.10     239.789902       0.000007     239.789902       0.000007     239.789902       0.000007
           7.11     240.831238       0.006089     240.816681       0.000044     240.816589       0.000006
           7.12     241.872574       0.010781     241.846695       0.000080     241.846527       0.000011
           7.13     242.913879       0.014084     242.879929       0.000105     242.879684       0.000005
           7.14     243.955215       0.016038     243.916412       0.000130     243.916122       0.000011
           7.15     244.996552       0.016647     244.955460       0.000128     244.955780       0.000003
           7.16     246.037888       0.015925     245.998428       0.000115     245.998718       0.000003
           7.17     247.079208       0.013881     247.044693       0.000091     247.044937       0.000008
           7.18     248.120544       0.010540     248.094254       0.000057     248.094421       0.000011
           7.19     249.161880       0.005913     249.147079       0.000028     249.147171       0.000009
           7.20     250.203201       0.000006     250.203201       0.000006     250.203217       0.000012
           7.21     251.277405       0.005928     251.262619       0.000043     251.262527       0.000007
           7.22     252.351624       0.010500     252.325317       0.000075     252.325150       0.000008
           7.23     253.425827       0.013726     253.391312       0.000105     253.391068       0.000009
           7.24     254.500046       0.015633     254.460587       0.000126     254.460281       0.000006
           7.25     255.574234       0.016216     255.532471       0.000128     255.532806       0.000003
           7.26     256.648468       0.015520     256.608337       0.000119     256.608643       0.000000
           7.27     257.722656       0.013523     257.687561       0.000096     257.687805       0.000002
           7.28     258.796875       0.010269     258.770111       0.000074     258.770294       0.000003
           7.29     259.871063       0.005749     259.856018       0.000041     259.856110       0.000006
           7.30     260.945282       0.000001     260.945282       0.000001     260.945282       0.000001
           7.31     262.052887       0.005763     262.037872       0.000033     262.037781       0.000002
           7.32     263.160522       0.010218     263.133820       0.000070     263.133636       0.000000
           7.33     264.268158       0.013367     264.233063       0.000085     264.232819       0.000007
           7.34     265.375793       0.015224     265.335693       0.000111     265.335388       0.000004
           7.35     266.483429       0.015804     266.441650       0.000123     266.441315       0.000003
           7.36     267.591064       0.015119     267.550293       0.000120     267.550598       0.000006
           7.37     268.698700       0.013183     268.663025       0.000096     268.663269       0.000005
           7.38     269.806335       0.010011     269.779144       0.000068     269.779327       0.000001
           7.39     270.913940       0.005603     270.898682       0.000029     270.898743       0.000007
           7.40     272.021576       0.000003     272.021576       0.000003     272.021576       0.000003
           7.41     273.163177       0.005629     273.147888       0.000031     273.147797       0.000002
           7.42     274.304779       0.009974     274.277588       0.000060     274.277435       0.000004
           7.43     275.446350       0.013035     275.410706       0.000093     275.410461       0.000004
           7.44     276.587921       0.014837     276.547180       0.000105     276.546875       0.000005
           7.45     277.729523       0.015405     277.687073       0.000118     277.686737       0.000003
           7.46     278.871124       0.014740     278.829712       0.000113     278.830017       0.000003
           7.47     280.012726       0.012855     279.976471       0.000094     279.976746       0.000004
           7.48     281.154297       0.009754     281.126709       0.000059     281.126892       0.000006
           7.49     282.295898       0.005470     282.280365       0.000033     282.280457       0.000000
           7.50     283.437500       0.000006     283.437469       0.000005     283.437500       0.000006
           7.51     284.613556       0.005480     284.598053       0.000033     284.597961       0.000001
           7.52     285.789673       0.009722     285.762054       0.000057     285.761871       0.000007
           7.53     286.965759       0.012713     286.929535       0.000088     286.929291       0.000003
           7.54     288.141846       0.014476     288.100433       0.000102     288.100128       0.000004
           7.55     289.317932       0.015024     289.274139       0.000114     289.274475       0.000002
           7.56     290.494049       0.014382     290.451965       0.000107     290.452271       0.000002
           7.57     291.670105       0.012529     291.633301       0.000091     291.633575       0.000003
           7.58     292.846222       0.009521     292.818176       0.000057     292.818359       0.000005
           7.59     294.022308       0.005338     294.006531       0.000028     294.006622       0.000003
           7.60     295.198395       0.000004     295.198395       0.000004     295.198395       0.000004
           7.61     296.409515       0.005351     296.393738       0.000028     296.393677       0.000007
           7.62     297.620636       0.009476     297.592621       0.000062     297.592438       0.000000
           7.63     298.831787       0.012401     298.794983       0.000083     298.794739       0.000001
           7.64     300.042908       0.014119     300.000854       0.000101     300.000580       0.000009
           7.65     301.254028       0.014652     301.209564       0.000110     301.209930       0.000012
           7.66     302.465179       0.014024     302.422485       0.000094     302.422760       0.000003
           7.67     303.676300       0.012226     303.638947       0.000076     303.639191       0.000004
           7.68     304.887451       0.009290     304.858978       0.000050     304.859131       0.000000
           7.69     306.098572       0.005208     306.082550       0.000026     306.082642       0.000004
           7.70     307.309692       0.000004     307.309692       0.000004     307.309692       0.000004
           7.71     308.556396       0.005220     308.540405       0.000037     308.540314       0.000007
           7.72     309.803101       0.009244     309.774658       0.000062     309.774475       0.000003
           7.73     311.049835       0.012099     311.012451       0.000079     311.012207       0.000000
           7.74     312.296509       0.013766     312.253845       0.000103     312.253510       0.000004
           7.75     313.543213       0.014288     313.498749       0.000105     313.498413       0.000002
           7.76     314.789917       0.013667     314.746582       0.000101     314.746887       0.000004
           7.77     316.036621       0.011915     315.998688       0.000090     315.998962       0.000003
           7.78     317.283325       0.009042     317.254425       0.000067     317.254608       0.000009
           7.79     318.530029       0.005062     318.513794       0.000035     318.513885       0.000006
           7.80     319.776764       0.000005     319.776764       0.000005     319.776733       0.000015
           7.81     321.059570       0.005078     321.043335       0.000021     321.043243       0.000008
           7.82     322.342407       0.009008     322.313507       0.000042     322.313354       0.000005
           7.83     323.625244       0.011788     323.587311       0.000066     323.587067       0.000010
           7.84     324.908081       0.013429     324.864716       0.000081     324.864441       0.000004
           7.85     326.190918       0.013943     326.145752       0.000095     326.145416       0.000008
           7.86     327.473724       0.013332     327.430389       0.000097     327.430054       0.000005
           7.87     328.756592       0.011636     328.718079       0.000080     328.718323       0.000006
           7.88     330.039398       0.008828     330.010071       0.000059     330.010254       0.000003
           7.89     331.322235       0.004948     331.305725       0.000035     331.305847       0.000002
           7.90     332.605072       0.000002     332.605072       0.000002     332.605072       0.000002
           7.91     333.924561       0.004964     333.908051       0.000020     333.907959       0.000007
           7.92     335.244049       0.008797     335.214722       0.000049     335.214539       0.000006
           7.93     336.563538       0.011508     336.525055       0.000072     336.524811       0.000000
           7.94     337.883026       0.013107     337.839050       0.000090     337.838745       0.000000
           7.95     339.202515       0.013607     339.156036       0.000097     339.156372       0.000001
           7.96     340.522003       0.013017     340.477356       0.000096     340.477661       0.000006
           7.97     341.841492       0.011351     341.802429       0.000078     341.802673       0.000006
           7.98     343.160980       0.008617     343.131226       0.000054     343.131409       0.000001
           7.99     344.480499       0.004837     344.463745       0.000027     344.463837       0.000000
           8.00     345.799957       0.000006     345.799988       0.000003     345.799957       0.000006
           8.01     347.156647       0.004842     347.139923       0.000024     347.139832       0.000002
           8.02     348.513336       0.008583     348.483582       0.000045     348.483398       0.000008
           8.03     349.870026       0.011229     349.830994       0.000072     349.830719       0.000007
           8.04     351.226715       0.012791     351.182068       0.000077     351.181763       0.000010
           8.05     352.583405       0.013279     352.536896       0.000086     352.536560       0.000009
           8.06     353.940094       0.012705     353.895447       0.000089     353.895081       0.000015
           8.07     355.296783       0.011078     355.257141       0.000081     355.257385       0.000012
           8.08     356.653473       0.008410     356.623688       0.000058     356.623444       0.000010
           8.09     358.010132       0.004703     357.993408       0.000032     357.993256       0.000011
           8.10     359.366821       0.000016     359.366852       0.000007     359.366852       0.000007
           8.11     360.761261       0.004719     360.744293       0.000016     360.744202       0.000010
           8.12     362.155701       0.008375     362.125488       0.000032     362.125336       0.000010
           8.13     363.550140       0.010961     363.510498       0.000056     363.510284       0.000003
           8.14     364.944580       0.012489     364.899292       0.000078     364.898987       0.000006
           8.15     366.339020       0.012969     366.291840       0.000089     366.291504       0.000003
           8.16     367.733429       0.012403     367.688141       0.000086     367.687836       0.000003
           8.17     369.127899       0.010827     369.087708       0.000063     369.087921       0.000005
           8.18     370.522339       0.008225     370.491699       0.000045     370.491852       0.000004
           8.19     371.916748       0.004608     371.899536       0.000020     371.899628       0.000005
           8.20     373.311188       0.000003     373.311188       0.000003     373.311218       0.000011
           8.21     374.743896       0.004623     374.726685       0.000030     374.726562       0.000003
           8.22     376.176605       0.008190     376.145996       0.000052     376.145813       0.000003
           8.23     377.609314       0.010712     377.569122       0.000068     377.568878       0.000003
           8.24     379.041992       0.012194     378.996063       0.000075     378.995758       0.000005
           8.25     380.474731       0.012668     380.426880       0.000090     380.426544       0.000001
           8.26     381.907440       0.012121     381.860840       0.000083     381.861145       0.000003
           8.27     383.340149       0.010571     383.299347       0.000074     383.299622       0.000003
           8.28     384.772827       0.008019     384.741760       0.000055     384.741943       0.000008
           8.29     386.205536       0.004492     386.188080       0.000028     386.188171       0.000004
           8.30     387.638275       0.000000     387.638245       0.000008     387.638245       0.000008
           8.31     389.109772       0.004504     389.092316       0.000017     389.092224       0.000006
           8.32     390.581329       0.007994     390.550262       0.000040     390.550110       0.000001
           8.33     392.052856       0.010458     392.012085       0.000058     392.011871       0.000003
           8.34     393.524414       0.011921     393.477814       0.000077     393.477509       0.000000
           8.35     394.995972       0.012384     394.946747       0.000080     394.947083       0.000005
           8.36     396.467499       0.011849     396.420258       0.000068     396.420563       0.000009
           8.37     397.939026       0.010335     397.897705       0.000050     397.897919       0.000004
           8.38     399.410553       0.007850     399.379089       0.000028     399.379272       0.000018
           8.39     400.882111       0.004412     400.864410       0.000003     400.864471       0.000012
           8.40     402.353638       0.000015     402.353638       0.000015     402.353638       0.000015
           8.41     403.864532       0.004425     403.846558       0.000026     403.846741       0.000019
           8.42     405.375397       0.007821     405.343475       0.000054     405.343750       0.000014
           8.43     406.886261       0.010222     406.844391       0.000069     406.844727       0.000014
           8.44     408.397186       0.011653     408.349304       0.000073     408.349640       0.000010
           8.45     409.908051       0.012093     409.858185       0.000074     409.858521       0.000008
           8.46     411.418945       0.011573     411.371063       0.000067     411.371368       0.000008
           8.47     412.929810       0.010089     412.887909       0.000060     412.888153       0.000001
           8.48     414.440704       0.007663     414.408783       0.000040     414.408966       0.000005
           8.49     415.951599       0.004299     415.933655       0.000015     415.933716       0.000001
           8.50     417.462463       0.000003     417.462463       0.000003     417.462463       0.000003
           8.51     419.013245       0.004302     418.995300       0.000019     418.995209       0.000003
           8.52     420.564056       0.007632     420.532135       0.000041     420.531921       0.000009
           8.53     422.114838       0.009983     422.072937       0.000055     422.072662       0.000010
           8.54     423.665588       0.011363     423.617737       0.000067     423.617401       0.000012
           8.55     425.216370       0.011797     425.166504       0.000069     425.166168       0.000010
           8.56     426.767181       0.011294     426.719299       0.000073     426.718933       0.000013
           8.57     428.317963       0.009848     428.275482       0.000071     428.275757       0.000007
           8.58     429.868744       0.007475     429.836823       0.000048     429.836578       0.000008
           8.59     431.419525       0.004184     431.401581       0.000025     431.401398       0.000018
           8.60     432.970337       0.000008     432.970306       0.000015     432.970306       0.000015
           8.61     434.561554       0.004197     434.543335       0.000004     434.543274       0.000010
           8.62     436.152771       0.007444     436.120422       0.000026     436.120270       0.000009
           8.63     437.744019       0.009747     437.701538       0.000042     437.701324       0.000007
           8.64     439.335266       0.011110     439.286713       0.000057     439.286438       0.000006
           8.65     440.926514       0.011540     440.875946       0.000070     440.875610       0.000006
           8.66     442.517731       0.011041     442.468567       0.000071     442.468872       0.000002
           8.67     444.108978       0.009633     444.065979       0.000050     444.066193       0.000001
           8.68     445.700226       0.007320     445.667419       0.000041     445.667603       0.000000
           8.69     447.291443       0.004103     447.273010       0.000018     447.273132       0.000009
           8.70     448.882690       0.000004     448.882690       0.000004     448.882690       0.000004
           8.71     450.514893       0.004116     450.496460       0.000024     450.496368       0.000004
           8.72     452.147125       0.007297     452.114349       0.000047     452.114136       0.000000
           8.73     453.779297       0.009536     453.736298       0.000060     453.736053       0.000006
           8.74     455.411499       0.010863     455.362366       0.000073     455.362030       0.000001
           8.75     457.043732       0.011285     456.992523       0.000080     456.992157       0.000000
           8.76     458.675934       0.010798     458.626068       0.000075     458.626404       0.000001
           8.77     460.308105       0.009411     460.264526       0.000058     460.264771       0.000004
           8.78     461.940308       0.007144     461.907104       0.000044     461.907288       0.000004
           8.79     463.572540       0.004007     463.554077       0.000024     463.553955       0.000002
           8.80     465.204742       0.000006     465.204742       0.000006     465.204742       0.000006
           8.81     466.878479       0.004016     466.859802       0.000016     466.859711       0.000004
           8.82     468.552216       0.007123     468.519012       0.000036     468.518829       0.000003
           8.83     470.225952       0.009323     470.182343       0.000048     470.182098       0.000004
           8.84     471.899719       0.010629     471.849854       0.000061     471.849579       0.000003
           8.85     473.573425       0.011033     473.520905       0.000059     473.521210       0.000006
           8.86     475.247192       0.010566     475.196716       0.000056     475.197021       0.000009
           8.87     476.920929       0.009220     476.876770       0.000040     476.877014       0.000011
           8.88     478.594666       0.007007     478.561035       0.000021     478.561188       0.000011
           8.89     480.268402       0.003935     480.249481       0.000004     480.249573       0.000015
           8.90     481.942169       0.000021     481.942139       0.000014     481.942139       0.000014
           8.91     483.657898       0.003940     483.638763       0.000017     483.638916       0.000015
           8.92     485.373688       0.006976     485.339630       0.000041     485.339905       0.000016
           8.93     487.089508       0.009132     487.044739       0.000060     487.045105       0.000015
           8.94     488.805267       0.010396     488.754150       0.000062     488.754517       0.000013
           8.95     490.521057       0.010796     490.467804       0.000062     490.468170       0.000013
           8.96     492.236816       0.010326     492.185730       0.000053     492.186035       0.000009
           8.97     493.952637       0.009014     493.907898       0.000044     493.908142       0.000005
           8.98     495.668427       0.006849     495.634338       0.000029     495.634521       0.000008
           8.99     497.384186       0.003838     497.365021       0.000016     497.365112       0.000003
           9.00     499.099976       0.000001     499.099976       0.000001     499.099976       0.000001
           9.01     500.858368       0.003847     500.839172       0.000015     500.839111       0.000002
           9.02     502.616760       0.006818     502.582672       0.000035     502.582489       0.000001
           9.03     504.375122       0.008915     504.330383       0.000044     504.330139       0.000005
           9.04     506.133484       0.010152     506.082397       0.000058     506.082092       0.000003
           9.05     507.891876       0.010544     507.838623       0.000058     507.838287       0.000009
           9.06     509.650269       0.010091     509.599152       0.000061     509.598785       0.000011
           9.07     511.408661       0.008803     511.363892       0.000048     511.363617       0.000006
           9.08     513.167053       0.006685     513.132935       0.000036     513.132690       0.000011
           9.09     514.925415       0.003741     514.906250       0.000019     514.906067       0.000017
           9.10     516.683838       0.000006     516.683777       0.000018     516.683777       0.000018
           9.11     518.485352       0.003753     518.465881       0.000003     518.465820       0.000015
           9.12     520.286865       0.006655     520.252380       0.000026     520.252197       0.000009
           9.13     522.088440       0.008721     522.043091       0.000034     522.042847       0.000013
           9.14     523.889954       0.009934     523.838196       0.000053     523.837891       0.000005
           9.15     525.691528       0.010325     525.637573       0.000061     525.637268       0.000003
           9.16     527.493042       0.009880     527.440674       0.000049     527.440918       0.000003
           9.17     529.294617       0.008627     529.248718       0.000045     529.248962       0.000001
           9.18     531.096130       0.006552     531.061218       0.000022     531.061340       0.000001
           9.19     532.897644       0.003673     532.878052       0.000003     532.878113       0.000008
           9.20     534.699219       0.000010     534.699219       0.000010     534.699219       0.000010
           9.21     536.544434       0.003691     536.524780       0.000028     536.524658       0.000005
           9.22     538.389587       0.006523     538.354248       0.000041     538.354492       0.000004
           9.23     540.234802       0.008537     540.188965       0.000052     540.188721       0.000006
           9.24     542.080017       0.009728     542.027649       0.000067     542.027283       0.000001
           9.25     543.925232       0.010104     543.869934       0.000063     543.870300       0.000004
           9.26     545.770447       0.009672     545.717346       0.000058     545.717651       0.000002
           9.27     547.615601       0.008428     547.569214       0.000043     547.569458       0.000001
           9.28     549.460876       0.006413     549.425476       0.000030     549.425659       0.000003
           9.29     551.306030       0.003589     551.286133       0.000020     551.286255       0.000002
           9.30     553.151245       0.000004     553.151245       0.000004     553.151245       0.000004
           9.31     555.040649       0.003593     555.020752       0.000008     555.020691       0.000003
           9.32     556.930115       0.006382     556.894714       0.000025     556.894531       0.000008
           9.33     558.819580       0.008358     558.773132       0.000045     558.772888       0.000002
           9.34     560.708984       0.009518     560.655884       0.000047     560.655640       0.000004
           9.35     562.598389       0.009881     562.542542       0.000046     562.542847       0.000008
           9.36     564.487854       0.009464     564.434143       0.000052     564.434448       0.000002
           9.37     566.377319       0.008263     566.330322       0.000035     566.330566       0.000008
           9.38     568.266724       0.006275     568.230957       0.000020     568.231079       0.000002
           9.39     570.156189       0.003527     570.136047       0.000006     570.136169       0.000015
           9.40     572.045654       0.000016     572.045593       0.000005     572.045654       0.000016
           9.41     573.979797       0.003532     573.959412       0.000019     573.959595       0.000013
           9.42     575.914001       0.006258     575.878174       0.000037     575.877991       0.000005
           9.43     577.848206       0.008189     577.800659       0.000040     577.800903       0.000002
           9.44     579.782349       0.009322     579.728027       0.000049     579.728394       0.000015
           9.45     581.716553       0.009684     581.659912       0.000054     581.660278       0.000009
           9.46     583.650696       0.009262     583.596375       0.000046     583.596680       0.000006
           9.47     585.584961       0.008093     585.537354       0.000038     585.537598       0.000004
           9.48     587.519104       0.006143     587.482910       0.000018     587.483032       0.000003
           9.49     589.453308       0.003449     589.432922       0.000009     589.432983       0.000001
           9.50     591.387451       0.000002     591.387451       0.000002     591.387451       0.000002
           9.51     593.366943       0.003449     593.346619       0.000024     593.346497       0.000003
           9.52     595.346436       0.006115     595.310181       0.000025     595.309998       0.000005
           9.53     597.325867       0.007994     597.278320       0.000033     597.278076       0.000008
           9.54     599.305359       0.009111     599.251038       0.000046     599.250732       0.000005
           9.55     601.284851       0.009464     601.228271       0.000054     601.227905       0.000007
           9.56     603.264343       0.009059     603.210022       0.000054     603.209595       0.000017
           9.57     605.243835       0.007903     605.196289       0.000047     605.195923       0.000014
           9.58     607.223267       0.005992     607.187073       0.000031     607.186829       0.000009
           9.59     609.202820       0.003363     609.182373       0.000007     609.182251       0.000013
           9.60     611.182251       0.000018     611.182251       0.000018     611.182251       0.000018
           9.61     613.207581       0.003361     613.186951       0.000004     613.186890       0.000014
           9.62     615.232971       0.005981     615.196289       0.000018     615.196106       0.000011
           9.63     617.258301       0.007830     617.210144       0.000028     617.209900       0.000012
           9.64     619.283691       0.008934     619.228577       0.000033     619.228333       0.000006
           9.65     621.308960       0.009269     621.251648       0.000044     621.251343       0.000005
           9.66     623.334351       0.008883     623.278748       0.000038     623.278992       0.000001
           9.67     625.359680       0.007750     625.311035       0.000029     625.311218       0.000000
           9.68     627.385010       0.005888     627.347961       0.000017     627.348145       0.000012
           9.69     629.410400       0.003313     629.389526       0.000004     629.389587       0.000006
           9.70     631.435730       0.000011     631.435730       0.000011     631.435730       0.000011
           9.71     633.507385       0.003311     633.486328       0.000013     633.486450       0.000006
           9.72     635.579102       0.005869     635.541565       0.000037     635.541809       0.000001
           9.73     637.650818       0.007681     637.602173       0.000051     637.601868       0.000004
           9.74     639.722534       0.008753     639.666870       0.000051     639.666565       0.000004
           9.75     641.794189       0.009084     641.735535       0.000056     641.735901       0.000001
           9.76     643.865906       0.008696     643.809570       0.000054     643.809937       0.000003
           9.77     645.937622       0.007588     645.888306       0.000047     645.888550       0.000009
           9.78     648.009338       0.005766     647.971741       0.000036     647.971924       0.000008
           9.79     650.080994       0.003226     650.060120       0.000015     650.059937       0.000013
           9.80     652.152710       0.000007     652.152710       0.000007     652.152710       0.000007
           9.81     654.271362       0.003237     654.250244       0.000009     654.250122       0.000010
           9.82     656.390015       0.005745     656.352417       0.000016     656.352295       0.000002
           9.83     658.508667       0.007522     658.459351       0.000032     658.459106       0.000005
           9.84     660.627258       0.008566     660.570923       0.000038     660.570618       0.000008
           9.85     662.745911       0.008902     662.686646       0.000042     662.686951       0.000005
           9.86     664.864563       0.008525     664.807678       0.000032     664.807922       0.000005
           9.87     666.983215       0.007442     666.933411       0.000025     666.933655       0.000011
           9.88     669.101868       0.005659     669.063904       0.000015     669.064087       0.000013
           9.89     671.220459       0.003173     671.199158       0.000000     671.199219       0.000009
           9.90     673.339111       0.000008     673.339172       0.000017     673.339172       0.000017
           9.91     675.505249       0.003190     675.483887       0.000027     675.483826       0.000018
           9.92     677.671326       0.005642     677.633362       0.000039     677.633179       0.000012
           9.93     679.837402       0.007378     679.787598       0.000051     679.787354       0.000015
           9.94     682.003479       0.008405     681.946533       0.000054     681.946228       0.000010
           9.95     684.169556       0.008728     684.110291       0.000065     684.109924       0.000012
           9.96     686.335632       0.008354     686.278687       0.000056     686.278381       0.000012
           9.97     688.501709       0.007288     688.451904       0.000054     688.451599       0.000010
           9.98     690.667786       0.005536     690.629883       0.000048     690.629578       0.000004
           9.99     692.833862       0.003104     692.812561       0.000030     692.812378       0.000003
          10.00     694.999939       0.000002     694.999939       0.000002     694.999939       0.000002
