             x      Linear LP     L_Error(%)   Quadratic LP     Q_Error(%)       Cubic LP     C_Error(%) 
           1.01      17.204000       0.313117      17.150301       0.000006      17.150303       0.000017
           1.02      17.407999       0.617293      17.301201       0.000005      17.301205       0.000027
           1.03      17.612000       0.912750      17.452702       0.000009      17.452709       0.000053
           1.04      17.816000       1.199673      17.604801       0.000007      17.604811       0.000061
           1.05      18.020000       1.478251      17.757502       0.000009      17.757507       0.000041
           1.06      18.223999       1.748660      17.910801       0.000005      17.910818       0.000101
           1.07      18.427999       2.011102      18.064703       0.000017      18.064714       0.000080
           1.08      18.632000       2.265742      18.219202       0.000011      18.219210       0.000053
           1.09      18.836000       2.512751      18.374306       0.000031      18.374317       0.000094
           1.10      19.039999       2.752288      18.530005       0.000024      18.530031       0.000169
           1.11      19.243999       2.984537      18.686300       0.000002      18.686312       0.000063
           1.12      19.448000       3.209646      18.843204       0.000024      18.843199       0.000006
           1.13      19.652000       3.427771      19.000704       0.000020      19.000721       0.000111
           1.14      19.855999       3.639054      19.158810       0.000051      19.158833       0.000170
           1.15      20.060001       3.843672      19.317505       0.000026      19.317497       0.000014
           1.16      20.264000       4.041732      19.476810       0.000054      19.476799       0.000005
           1.17      20.468000       4.233402      19.636705       0.000028      19.636709       0.000047
           1.18      20.671999       4.418802      19.797205       0.000025      19.797260       0.000305
           1.19      20.876001       4.598094      19.958309       0.000046      19.958305       0.000027
           1.20      21.080000       4.771372      20.120008       0.000042      20.120010       0.000052
           1.21      21.284000       4.938791      20.282307       0.000033      20.282286       0.000070
           1.22      21.487999       5.100459      20.445200       0.000000      20.445272       0.000355
           1.23      21.692001       5.256525      20.608700       0.000001      20.608704       0.000018
           1.24      21.896000       5.407071      20.772800       0.000003      20.772785       0.000071
           1.25      22.100000       5.552241      20.937506       0.000028      20.937540       0.000192
           1.26      22.304001       5.692140      21.102816       0.000075      21.102791       0.000043
           1.27      22.508001       5.826879      21.268703       0.000017      21.268759       0.000277
           1.28      22.712000       5.956557      21.435207       0.000035      21.435230       0.000142
           1.29      22.916000       6.081299      21.602314       0.000065      21.602352       0.000242
           1.30      23.120001       6.201199      21.769999       0.000006      21.770035       0.000160
           1.31      23.324001       6.316357      21.938313       0.000058      21.938324       0.000110
           1.32      23.528000       6.426865      22.107204       0.000021      22.107264       0.000288
           1.33      23.732000       6.532837      22.276714       0.000065      22.276711       0.000048
           1.34      23.936001       6.634358      22.446814       0.000061      22.446854       0.000240
           1.35      24.140001       6.731520      22.617502       0.000010      22.617521       0.000095
           1.36      24.344000       6.824405      22.788809       0.000039      22.788824       0.000106
           1.37      24.548000       6.913119      22.960707       0.000030      22.960743       0.000188
           1.38      24.752001       6.997739      23.133209       0.000041      23.133211       0.000049
           1.39      24.956001       7.078350      23.306313       0.000055      23.306328       0.000120
           1.40      25.160000       7.155026      23.480007       0.000031      23.480013       0.000056
           1.41      25.364000       7.227863      23.654308       0.000036      23.654333       0.000141
           1.42      25.568001       7.296934      23.829210       0.000044      23.829224       0.000100
           1.43      25.771999       7.362306      24.004717       0.000071      24.004705       0.000023
           1.44      25.976000       7.424072      24.180813       0.000054      24.180893       0.000385
           1.45      26.180000       7.482297      24.357500       0.000001      24.357531       0.000126
           1.46      26.384001       7.537053      24.534819       0.000077      24.534773       0.000110
           1.47      26.587999       7.588404      24.712711       0.000047      24.712757       0.000232
           1.48      26.792002       7.636442      24.891211       0.000043      24.891151       0.000194
           1.49      26.996000       7.681202      25.070314       0.000058      25.070293       0.000025
           1.50      27.200001       7.722776      25.250006       0.000023      25.250051       0.000205
           1.51      27.403999       7.761212      25.430315       0.000060      25.430347       0.000187
           1.52      27.608002       7.796597      25.611202       0.000010      25.611231       0.000121
           1.53      27.812000       7.828961      25.792719       0.000074      25.792681       0.000074
           1.54      28.016001       7.858390      25.974827       0.000104      25.974836       0.000141
           1.55      28.219999       7.884926      26.157499       0.000002      26.157534       0.000129
           1.56      28.424002       7.908651      26.340813       0.000049      26.340822       0.000085
           1.57      28.628000       7.929592      26.524706       0.000023      26.524775       0.000282
           1.58      28.832001       7.947827      26.709227       0.000101      26.709225       0.000093
           1.59      29.035999       7.963396      26.894327       0.000102      26.894413       0.000421
           1.60      29.240002       7.976374      27.080006       0.000022      27.080103       0.000381
           1.61      29.444000       7.986784      27.266312       0.000044      27.266344       0.000163
           1.62      29.648001       7.994700      27.453222       0.000082      27.453285       0.000311
           1.63      29.851999       8.000158      27.640711       0.000040      27.640768       0.000247
           1.64      30.056002       8.003227      27.828802       0.000009      27.828850       0.000180
           1.65      30.260000       8.003928      28.017498       0.000006      28.017582       0.000293
           1.66      30.464001       8.002329      28.206810       0.000036      28.206905       0.000375
           1.67      30.667999       7.998463      28.396713       0.000048      28.396778       0.000276
           1.68      30.872002       7.992395      28.587233       0.000115      28.587154       0.000159
           1.69      31.076000       7.984143      28.778316       0.000058      28.778372       0.000251
           1.70      31.280001       7.973769      28.970018       0.000065      28.970083       0.000288
           1.71      31.483999       7.961305      29.162310       0.000034      29.162340       0.000139
           1.72      31.688002       7.946810      29.355217       0.000059      29.355303       0.000351
           1.73      31.892000       7.930300      29.548716       0.000054      29.548801       0.000344
           1.74      32.096001       7.911834      29.742830       0.000103      29.742790       0.000032
           1.75      32.299999       7.891439      29.937511       0.000039      29.937529       0.000097
           1.76      32.504002       7.869172      30.132807       0.000024      30.132862       0.000207
           1.77      32.708000       7.845046      30.328693       0.000021      30.328743       0.000143
           1.78      32.912003       7.819123      30.525198       0.000005      30.525209       0.000032
           1.79      33.116001       7.791414      30.722319       0.000062      30.722435       0.000441
           1.80      33.320000       7.761967      30.920031       0.000100      30.920042       0.000137
           1.81      33.523998       7.730816      31.118305       0.000018      31.118402       0.000330
           1.82      33.728001       7.698010      31.317198       0.000006      31.317236       0.000116
           1.83      33.931999       7.663555      31.516708       0.000028      31.516718       0.000058
           1.84      34.136002       7.627510      31.716808       0.000027      31.716803       0.000009
           1.85      34.340000       7.589882      31.917524       0.000077      31.917526       0.000083
           1.86      34.544003       7.550727      32.118832       0.000100      32.118736       0.000197
           1.87      34.748001       7.510052      32.320702       0.000006      32.320709       0.000030
           1.88      34.952000       7.467900      32.523216       0.000051      32.523144       0.000172
           1.89      35.156002       7.424312      32.726295       0.000013      32.726345       0.000139
           1.90      35.360001       7.379293      32.930019       0.000060      32.930031       0.000095
           1.91      35.564003       7.332895      33.134304       0.000013      33.134243       0.000171
           1.92      35.768002       7.285124      33.339233       0.000101      33.339260       0.000182
           1.93      35.972000       7.236018      33.544701       0.000003      33.544708       0.000026
           1.94      36.175999       7.185605      33.750813       0.000038      33.750858       0.000174
           1.95      36.380001       7.133922      33.957512       0.000036      33.957603       0.000306
           1.96      36.584003       7.080984      34.164803       0.000009      34.164864       0.000187
           1.97      36.787998       7.026794      34.372711       0.000034      34.372723       0.000067
           1.98      36.992001       6.971421      34.581211       0.000033      34.581226       0.000078
           1.99      37.196003       6.914868      34.790302       0.000008      34.790371       0.000205
           2.00      37.400002       6.857149      35.000008       0.000023      35.000057       0.000165
           2.01      37.604000       6.798297      35.210331       0.000089      35.210323       0.000068
           2.02      37.807999       6.738335      35.421192       0.000021      35.421169       0.000085
           2.03      38.012001       6.677298      35.632694       0.000015      35.632725       0.000071
           2.04      38.216003       6.615196      35.844818       0.000052      35.844852       0.000148
           2.05      38.419998       6.552031      36.057503       0.000009      36.057514       0.000041
           2.06      38.624001       6.487867      36.270828       0.000079      36.270821       0.000058
           2.07      38.828003       6.422702      36.484722       0.000062      36.484760       0.000167
           2.08      39.032001       6.356547      36.699234       0.000094      36.699249       0.000136
           2.09      39.236000       6.289434      36.914307       0.000019      36.914314       0.000040
           2.10      39.439999       6.221382      37.130024       0.000066      37.130009       0.000025
           2.11      39.644001       6.152421      37.346306       0.000017      37.346306       0.000017
           2.12      39.848003       6.082559      37.563229       0.000078      37.563232       0.000088
           2.13      40.051998       6.011796      37.780716       0.000044      37.780735       0.000094
           2.14      40.256001       5.940191      37.998821       0.000057      37.998825       0.000067
           2.15      40.460003       5.867740      38.217518       0.000048      38.217506       0.000018
           2.16      40.664001       5.794452      38.436806       0.000016      38.436829       0.000076
           2.17      40.868000       5.720355      38.656719       0.000051      38.656776       0.000199
           2.18      41.071999       5.645466      38.877216       0.000044      38.877258       0.000151
           2.19      41.276001       5.569811      39.098312       0.000033      39.098320       0.000053
           2.20      41.480003       5.493398      39.320015       0.000040      39.320026       0.000069
           2.21      41.683998       5.416222      39.542320       0.000053      39.542305       0.000014
           2.22      41.888000       5.338339      39.765228       0.000073      39.765274       0.000188
           2.23      42.092003       5.259745      39.988712       0.000032      39.988728       0.000070
           2.24      42.296001       5.180445      40.212803       0.000009      40.212807       0.000018
           2.25      42.500000       5.100465      40.437496       0.000008      40.437523       0.000058
           2.26      42.703999       5.019820      40.662807       0.000020      40.662819       0.000048
           2.27      42.908001       4.938532      40.888706       0.000017      40.888748       0.000119
           2.28      43.112003       4.856608      41.115211       0.000030      41.115211       0.000030
           2.29      43.316002       4.774051      41.342308       0.000021      41.342304       0.000012
           2.30      43.520000       4.690886      41.570019       0.000047      41.570026       0.000065
           2.31      43.724003       4.607134      41.798321       0.000051      41.798286       0.000031
           2.32      43.928001       4.522790      42.027214       0.000035      42.027222       0.000053
           2.33      44.132004       4.437887      42.256721       0.000052      42.256683       0.000038
           2.34      44.335999       4.352409      42.486809       0.000022      42.486835       0.000085
           2.35      44.540001       4.266405      42.717529       0.000070      42.717567       0.000160
           2.36      44.744003       4.179870      42.948811       0.000026      42.948822       0.000053
           2.37      44.948002       4.092807      43.180706       0.000016      43.180706       0.000016
           2.38      45.152000       4.005236      43.413208       0.000020      43.413223       0.000055
           2.39      45.355999       3.917170      43.646313       0.000031      43.646294       0.000013
           2.40      45.560001       3.828628      43.880013       0.000030      43.880013       0.000030
           2.41      45.764004       3.739614      44.114311       0.000027      44.114315       0.000036
           2.42      45.967999       3.650121      44.349213       0.000030      44.349224       0.000056
           2.43      46.172001       3.560194      44.584709       0.000022      44.584732       0.000074
           2.44      46.376003       3.469827      44.820805       0.000012      44.820816       0.000037
           2.45      46.580002       3.379022      45.057522       0.000050      45.057533       0.000076
           2.46      46.784000       3.287797      45.294811       0.000027      45.294827       0.000060
           2.47      46.987999       3.196164      45.532707       0.000018      45.532719       0.000043
           2.48      47.192001       3.104140      45.771221       0.000048      45.771236       0.000081
           2.49      47.396004       3.011727      46.010311       0.000026      46.010311       0.000026
           2.50      47.599998       2.918917      46.250015       0.000035      46.250034       0.000076
           2.51      47.804001       2.825754      46.490314       0.000033      46.490311       0.000025
           2.52      48.008003       2.732230      46.731216       0.000037      46.731209       0.000021
           2.53      48.212002       2.638347      46.972706       0.000014      46.972710       0.000022
           2.54      48.416000       2.544120      47.214813       0.000030      47.214813       0.000030
           2.55      48.619999       2.449560      47.457512       0.000027      47.457512       0.000027
           2.56      48.824001       2.354682      47.700809       0.000022      47.700813       0.000030
           2.57      49.028004       2.259488      47.944717       0.000038      47.944714       0.000030
           2.58      49.231998       2.163969      48.189205       0.000013      48.189228       0.000060
           2.59      49.436001       2.068166      48.434307       0.000016      48.434315       0.000032
           2.60      49.640003       1.972071      48.680012       0.000026      48.680016       0.000034
           2.61      49.844002       1.875684      48.926304       0.000010      48.926311       0.000025
           2.62      50.048000       1.779020      49.173203       0.000007      49.173206       0.000015
           2.63      50.251999       1.682088      49.420712       0.000025      49.420700       0.000002
           2.64      50.456001       1.584903      49.668804       0.000010      49.668804       0.000010
           2.65      50.660004       1.487464      49.917507       0.000016      49.917507       0.000016
           2.66      50.863998       1.389762      50.166809       0.000020      50.166805       0.000012
           2.67      51.068001       1.291837      50.416706       0.000014      50.416714       0.000029
           2.68      51.272003       1.193680      50.667206       0.000013      50.667202       0.000006
           2.69      51.476002       1.095289      50.918308       0.000018      50.918308       0.000018
           2.70      51.680004       0.996688      51.170002       0.000006      51.170010       0.000021
           2.71      51.883999       0.897859      51.422302       0.000006      51.422306       0.000014
           2.72      52.088001       0.798840      51.675205       0.000012      51.675201       0.000005
           2.73      52.292004       0.699622      51.928707       0.000016      51.928707       0.000016
           2.74      52.496002       0.600204      52.182808       0.000017      52.182804       0.000010
           2.75      52.700001       0.500599      52.437500       0.000002      52.437504       0.000009
           2.76      52.903999       0.400814      52.692802       0.000007      52.692802       0.000007
           2.77      53.108002       0.300862      52.948704       0.000009      52.948700       0.000002
           2.78      53.312004       0.200742      53.205204       0.000009      53.205200       0.000002
           2.79      53.515999       0.100444      53.462299       0.000001      53.462299       0.000001
           2.80      53.720001       0.000004      53.720001       0.000004      53.720001       0.000004
           2.81      53.981003       0.005009      53.978302       0.000006      53.978302       0.000006
           2.82      54.242001       0.008853      54.237202       0.000005      54.237202       0.000005
           2.83      54.502998       0.011559      54.496700       0.000002      54.496700       0.000002
           2.84      54.764000       0.013151      54.756798       0.000002      54.756798       0.000002
           2.85      55.025002       0.013637      55.017498       0.000002      55.017498       0.000002
           2.86      55.285999       0.013026      55.278801       0.000004      55.278801       0.000004
           2.87      55.546997       0.011340      55.540699       0.000000      55.540699       0.000000
           2.88      55.807999       0.008601      55.803200       0.000002      55.803200       0.000002
           2.89      56.069000       0.004818      56.066299       0.000001      56.066296       0.000006
           2.90      56.329998       0.000002      56.329998       0.000002      56.329998       0.000002
           2.91      56.602997       0.015369      56.594299       0.000001      56.594296       0.000006
           2.92      56.875996       0.029541      56.859196       0.000006      56.859200       0.000001
           2.93      57.148998       0.042537      57.124699       0.000000      57.124695       0.000007
           2.94      57.421997       0.054361      57.390800       0.000003      57.390797       0.000004
           2.95      57.695000       0.065041      57.657497       0.000002      57.657501       0.000004
           2.96      57.967999       0.074579      57.924797       0.000003      57.924797       0.000003
           2.97      58.240997       0.082998      58.192696       0.000006      58.192696       0.000006
           2.98      58.513996       0.090312      58.461193       0.000010      58.461197       0.000003
           2.99      58.786999       0.096543      58.730297       0.000003      58.730301       0.000004
           3.00      59.059998       0.101693      58.999996       0.000004      59.000000       0.000002
           3.01      59.332996       0.105782      59.270298       0.000001      59.270294       0.000008
           3.02      59.605995       0.108826      59.541195       0.000006      59.541191       0.000013
           3.03      59.878998       0.110844      59.812698       0.000001      59.812695       0.000007
           3.04      60.151997       0.111838      60.084797       0.000003      60.084797       0.000003
           3.05      60.424999       0.111834      60.357494       0.000007      60.357494       0.000007
           3.06      60.697994       0.110827      60.630798       0.000001      60.630795       0.000007
           3.07      60.970997       0.108856      60.904697       0.000002      60.904697       0.000002
           3.08      61.243996       0.105913      61.179199       0.000001      61.179195       0.000005
           3.09      61.516994       0.102020      61.454296       0.000004      61.454296       0.000004
           3.10      61.789993       0.097189      61.729996       0.000005      61.729992       0.000011
           3.11      62.062996       0.091438      62.006294       0.000007      62.006294       0.000007
           3.12      62.335999       0.084774      62.283192       0.000011      62.283192       0.000011
           3.13      62.608994       0.077197      62.560696       0.000005      62.560692       0.000011
           3.14      62.881996       0.068743      62.838795       0.000006      62.838795       0.000006
           3.15      63.154995       0.059407      63.117496       0.000003      63.117493       0.000009
           3.16      63.427994       0.049206      63.396793       0.000008      63.396793       0.000008
           3.17      63.700996       0.038158      63.676697       0.000003      63.676697       0.000003
           3.18      63.973991       0.026256      63.957195       0.000005      63.957195       0.000005
           3.19      64.246994       0.013536      64.238297       0.000003      64.238297       0.000003
           3.20      64.519997       0.000003      64.519997       0.000003      64.519997       0.000003
           3.21      64.807999       0.008796      64.802292       0.000010      64.802292       0.000010
           3.22      65.095993       0.016585      65.085197       0.000002      65.085190       0.000013
           3.23      65.383995       0.023400      65.368690       0.000012      65.368690       0.000012
           3.24      65.671997       0.029242      65.652794       0.000007      65.652794       0.000007
           3.25      65.959991       0.034112      65.937492       0.000009      65.937492       0.000009
           3.26      66.247993       0.038046      66.222794       0.000008      66.222794       0.000008
           3.27      66.535995       0.041043      66.508698       0.000002      66.508698       0.000002
           3.28      66.823990       0.043104      66.795197       0.000003      66.795197       0.000003
           3.29      67.111992       0.044264      67.082298       0.000000      67.082291       0.000012
           3.30      67.399994       0.044523      67.369995       0.000005      67.369995       0.000005
           3.31      67.687996       0.043893      67.658295       0.000006      67.658295       0.000006
           3.32      67.975998       0.042385      67.947197       0.000002      67.947189       0.000013
           3.33      68.263992       0.039999      68.236694       0.000006      68.236694       0.000006
           3.34      68.551994       0.036768      68.526794       0.000006      68.526794       0.000006
           3.35      68.839996       0.032692      68.817497       0.000002      68.817497       0.000002
           3.36      69.127991       0.027771      69.108795       0.000005      69.108795       0.000005
           3.37      69.415993       0.022038      69.400696       0.000004      69.400696       0.000004
           3.38      69.703995       0.015491      69.693199       0.000001      69.693192       0.000010
           3.39      69.991997       0.008142      69.986290       0.000012      69.986298       0.000001
           3.40      70.279999       0.000001      70.279999       0.000001      70.279991       0.000010
           3.41      70.612991       0.054826      70.574295       0.000005      70.574295       0.000005
           3.42      70.945992       0.108359      70.869194       0.000006      70.869194       0.000006
           3.43      71.278992       0.160604      71.164696       0.000004      71.164696       0.000004
           3.44      71.611992       0.211575      71.460800       0.000003      71.460793       0.000008
           3.45      71.944992       0.261288      71.757500       0.000002      71.757492       0.000009
           3.46      72.277992       0.309756      72.054794       0.000006      72.054794       0.000006
           3.47      72.610992       0.356993      72.352699       0.000001      72.352699       0.000001
           3.48      72.943993       0.403014      72.651192       0.000009      72.651192       0.000009
           3.49      73.276993       0.447832      72.950294       0.000005      72.950294       0.000005
           3.50      73.609993       0.491460      73.250000       0.000002      73.249992       0.000008
           3.51      73.942993       0.533913      73.550301       0.000003      73.550293       0.000007
           3.52      74.275993       0.575204      73.851196       0.000003      73.851196       0.000003
           3.53      74.608994       0.615345      74.152695       0.000005      74.152695       0.000005
           3.54      74.941994       0.654351      74.454796       0.000003      74.454796       0.000003
           3.55      75.274994       0.692232      74.757500       0.000002      74.757500       0.000002
           3.56      75.607994       0.729003      75.060799       0.000001      75.060791       0.000010
           3.57      75.940994       0.764676      75.364700       0.000003      75.364693       0.000007
           3.58      76.273994       0.799263      75.669197       0.000002      75.669197       0.000002
           3.59      76.606995       0.832777      75.974297       0.000002      75.974297       0.000002
           3.60      76.939995       0.865229      76.279999       0.000001      76.279999       0.000001
           3.61      77.272995       0.896631      76.586296       0.000003      76.586296       0.000003
           3.62      77.605995       0.926996      76.893196       0.000003      76.893196       0.000003
           3.63      77.938995       0.956335      77.200699       0.000001      77.200691       0.000009
           3.64      78.271996       0.984659      77.508797       0.000002      77.508797       0.000002
           3.65      78.604996       1.011980      77.817497       0.000001      77.817497       0.000001
           3.66      78.937996       1.038309      78.126801       0.000003      78.126801       0.000003
           3.67      79.270996       1.063658      78.436699       0.000001      78.436699       0.000001
           3.68      79.603996       1.088036      78.747200       0.000002      78.747192       0.000007
           3.69      79.936996       1.111456      79.058296       0.000002      79.058296       0.000002
           3.70      80.269997       1.133928      79.369995       0.000004      79.369995       0.000004
           3.71      80.602997       1.155462      79.682297       0.000002      79.682297       0.000002
           3.72      80.935997       1.176069      79.995201       0.000004      79.995193       0.000006
           3.73      81.268997       1.195760      80.308701       0.000003      80.308701       0.000003
           3.74      81.601997       1.214544      80.622803       0.000006      80.622803       0.000006
           3.75      81.934990       1.232422      80.937500       0.000002      80.937500       0.000002
           3.76      82.267998       1.249434      81.252800       0.000002      81.252800       0.000002
           3.77      82.600998       1.265559      81.568703       0.000006      81.568695       0.000004
           3.78      82.933998       1.280818      81.885201       0.000003      81.885201       0.000003
           3.79      83.266998       1.295220      82.202301       0.000004      82.202301       0.000004
           3.80      83.599998       1.308774      82.520004       0.000008      82.519997       0.000002
           3.81      83.932999       1.321491      82.838295       0.000004      82.838295       0.000004
           3.82      84.265999       1.333379      83.157204       0.000007      83.157196       0.000002
           3.83      84.598999       1.344448      83.476700       0.000002      83.476692       0.000007
           3.84      84.931992       1.354698      83.796799       0.000001      83.796806       0.000010
           3.85      85.264999       1.364165      84.117500       0.000003      84.117500       0.000003
           3.86      85.597992       1.372822      84.438797       0.000001      84.438805       0.000008
           3.87      85.931000       1.380713      84.760696       0.000002      84.760696       0.000002
           3.88      86.263992       1.387811      85.083199       0.000001      85.083199       0.000001
           3.89      86.597000       1.394162      85.406296       0.000002      85.406296       0.000002
           3.90      86.929993       1.399737      85.730003       0.000006      85.729996       0.000003
           3.91      87.263000       1.404581      86.054298       0.000001      86.054298       0.000001
           3.92      87.596001       1.408676      86.379204       0.000007      86.379196       0.000002
           3.93      87.929001       1.412038      86.704697       0.000001      86.704697       0.000001
           3.94      88.262001       1.414675      87.030800       0.000002      87.030792       0.000006
           3.95      88.595001       1.416597      87.357491       0.000008      87.357498       0.000000
           3.96      88.928001       1.417810      87.684799       0.000002      87.684799       0.000002
           3.97      89.261002       1.418322      88.012703       0.000006      88.012695       0.000003
           3.98      89.594002       1.418142      88.341202       0.000004      88.341202       0.000004
           3.99      89.926994       1.417269      88.670296       0.000002      88.670296       0.000002
           4.00      90.259995       1.415727      89.000000       0.000002      89.000000       0.000002
           4.01      90.592995       1.413515      89.330299       0.000002      89.330292       0.000007
           4.02      90.925995       1.410640      89.661201       0.000004      89.661201       0.000004
           4.03      91.258995       1.407111      89.992699       0.000001      89.992699       0.000001
           4.04      91.591995       1.402934      90.324799       0.000001      90.324806       0.000009
           4.05      91.924995       1.398117      90.657501       0.000004      90.657501       0.000004
           4.06      92.257996       1.392666      90.990799       0.000001      90.990799       0.000001
           4.07      92.590996       1.386589      91.324699       0.000002      91.324699       0.000002
           4.08      92.923996       1.379892      91.659203       0.000005      91.659203       0.000005
           4.09      93.256996       1.372583      91.994293       0.000005      91.994293       0.000005
           4.10      93.589996       1.364669      92.330002       0.000005      92.330002       0.000005
           4.11      93.922997       1.356155      92.666306       0.000009      92.666298       0.000000
           4.12      94.255997       1.347049      93.003197       0.000001      93.003204       0.000007
           4.13      94.588997       1.337358      93.340706       0.000009      93.340691       0.000008
           4.14      94.922005       1.327095      93.678795       0.000003      93.678802       0.000005
           4.15      95.254997       1.316244      94.017502       0.000004      94.017502       0.000004
           4.16      95.588005       1.304842      94.356796       0.000001      94.356804       0.000007
           4.17      95.920998       1.292865      94.696701       0.000004      94.696701       0.000004
           4.18      96.254005       1.280349      95.037201       0.000004      95.037201       0.000004
           4.19      96.586998       1.267270      95.378296       0.000002      95.378304       0.000006
           4.20      96.920006       1.253665      95.720001       0.000004      95.720001       0.000004
           4.21      97.252998       1.239509      96.062302       0.000004      96.062294       0.000004
           4.22      97.585999       1.224831      96.405197       0.000000      96.405205       0.000008
           4.23      97.918999       1.209630      96.748703       0.000006      96.748703       0.000006
           4.24      98.251999       1.193911      97.092796       0.000001      97.092804       0.000007
           4.25      98.584999       1.177680      97.437500       0.000003      97.437508       0.000010
           4.26      98.917999       1.160942      97.782799       0.000001      97.782799       0.000001
           4.27      99.250999       1.143704      98.128700       0.000003      98.128700       0.000003
           4.28      99.584000       1.125971      98.475197       0.000001      98.475197       0.000001
           4.29      99.917000       1.107748      98.822304       0.000006      98.822304       0.000006
           4.30     100.250000       1.089042      99.169998       0.000001      99.170006       0.000008
           4.31     100.583000       1.069856      99.518295       0.000002      99.518303       0.000006
           4.32     100.916000       1.050198      99.867203       0.000005      99.867203       0.000005
           4.33     101.249001       1.030071     100.216698       0.000000     100.216698       0.000000
           4.34     101.582001       1.009482     100.566795       0.000002     100.566803       0.000006
           4.35     101.915001       0.988435     100.917503       0.000006     100.917503       0.000006
           4.36     102.248001       0.966935     101.268799       0.000001     101.268806       0.000009
           4.37     102.581001       0.944989     101.620705       0.000007     101.620705       0.000007
           4.38     102.914001       0.922599     101.973198       0.000001     101.973198       0.000001
           4.39     103.247002       0.899773     102.326294       0.000003     102.326302       0.000004
           4.40     103.579994       0.876507     102.680000       0.000003     102.680000       0.000003
           4.41     103.913002       0.852827     103.034294       0.000003     103.034302       0.000004
           4.42     104.245995       0.828711     103.389206       0.000008     103.389206       0.000008
           4.43     104.579002       0.804191     103.744698       0.000000     103.744705       0.000008
           4.44     104.912003       0.779250     104.100800       0.000002     104.100800       0.000002
           4.45     105.245003       0.753900     104.457504       0.000007     104.457504       0.000007
           4.46     105.578003       0.728147     104.814804       0.000007     104.814804       0.000007
           4.47     105.911003       0.701994     105.172707       0.000009     105.172707       0.000009
           4.48     106.244003       0.675446     105.531204       0.000007     105.531204       0.000007
           4.49     106.577003       0.648507     105.890305       0.000007     105.890305       0.000007
           4.50     106.910004       0.621183     106.250000       0.000003     106.250000       0.000003
           4.51     107.243004       0.593476     106.610298       0.000001     106.610306       0.000008
           4.52     107.576004       0.565392     106.971199       0.000002     106.971199       0.000002
           4.53     107.908997       0.536928     107.332703       0.000005     107.332703       0.000005
           4.54     108.242004       0.508109     107.694801       0.000004     107.694801       0.000004
           4.55     108.574997       0.478912     108.057503       0.000005     108.057503       0.000005
           4.56     108.908005       0.449367     108.420799       0.000002     108.420799       0.000002
           4.57     109.240997       0.419453     108.784698       0.000001     108.784706       0.000008
           4.58     109.574005       0.389199     109.149200       0.000003     109.149208       0.000010
           4.59     109.907005       0.358591     109.514297       0.000000     109.514305       0.000007
           4.60     110.240005       0.327638     109.880005       0.000007     109.880005       0.000007
           4.61     110.573006       0.296344     110.246307       0.000009     110.246300       0.000002
           4.62     110.905998       0.264707     110.613205       0.000007     110.613205       0.000007
           4.63     111.239006       0.232751     110.980705       0.000007     110.980705       0.000007
           4.64     111.571999       0.200453     111.348801       0.000003     111.348801       0.000003
           4.65     111.905006       0.167842     111.717499       0.000002     111.717499       0.000002
           4.66     112.237999       0.134897     112.086800       0.000002     112.086807       0.000009
           4.67     112.571007       0.101648     112.456703       0.000006     112.456703       0.000006
           4.68     112.903999       0.068071     112.827202       0.000004     112.827202       0.000004
           4.69     113.237007       0.034197     113.198303       0.000006     113.198303       0.000006
           4.70     113.570007       0.000009     113.570000       0.000002     113.570007       0.000009
           4.71     113.966003       0.020806     113.942299       0.000002     113.942307       0.000008
           4.72     114.362000       0.040942     114.315201       0.000003     114.315201       0.000003
           4.73     114.758003       0.060430     114.688698       0.000001     114.688705       0.000007
           4.74     115.153999       0.079263     115.062798       0.000001     115.062805       0.000007
           4.75     115.550003       0.097461     115.437500       0.000003     115.437508       0.000009
           4.76     115.946007       0.115022     115.812805       0.000007     115.812798       0.000001
           4.77     116.342003       0.131946     116.188705       0.000007     116.188705       0.000007
           4.78     116.738007       0.148252     116.565201       0.000003     116.565201       0.000003
           4.79     117.134003       0.163932     116.942299       0.000002     116.942307       0.000008
           4.80     117.529999       0.178999     117.320000       0.000002     117.320007       0.000009
           4.81     117.926003       0.193466     117.698303       0.000005     117.698303       0.000005
           4.82     118.322006       0.207330     118.077202       0.000004     118.077202       0.000004
           4.83     118.718002       0.220592     118.456703       0.000005     118.456703       0.000005
           4.84     119.114006       0.233269     118.836800       0.000002     118.836807       0.000009
           4.85     119.510010       0.245361     119.217506       0.000008     119.217499       0.000002
           4.86     119.905998       0.256860     119.598801       0.000003     119.598801       0.000003
           4.87     120.302002       0.267797     119.980698       0.000001     119.980705       0.000007
           4.88     120.698006       0.278166     120.363197       0.000001     120.363197       0.000001
           4.89     121.094002       0.287963     120.746300       0.000003     120.746300       0.000003
           4.90     121.489998       0.297202     121.129997       0.000000     121.130005       0.000007
           4.91     121.886009       0.305900     121.514297       0.000001     121.514297       0.000001
           4.92     122.282005       0.314037     121.899200       0.000003     121.899208       0.000009
           4.93     122.678001       0.321630     122.284706       0.000008     122.284706       0.000008
           4.94     123.074005       0.328692     122.670799       0.000002     122.670799       0.000002
           4.95     123.470001       0.335213     123.057503       0.000005     123.057503       0.000005
           4.96     123.866005       0.341212     123.444801       0.000004     123.444801       0.000004
           4.97     124.262001       0.346681     123.832703       0.000005     123.832703       0.000005
           4.98     124.658005       0.351637     124.221199       0.000002     124.221207       0.000008
           4.99     125.054001       0.356074     124.610298       0.000001     124.610298       0.000001
           5.00     125.449997       0.360000     125.000000       0.000003     125.000000       0.000003
           5.01     125.846001       0.363429     125.390305       0.000006     125.390297       0.000000
           5.02     126.242004       0.366357     125.781204       0.000006     125.781204       0.000006
           5.03     126.638000       0.368783     126.172707       0.000008     126.172707       0.000008
           5.04     127.033997       0.370719     126.564796       0.000000     126.564804       0.000006
           5.05     127.430008       0.372181     126.957497       0.000000     126.957504       0.000006
           5.06     127.826004       0.373149     127.350800       0.000002     127.350800       0.000002
           5.07     128.222000       0.373639     127.744698       0.000001     127.744705       0.000007
           5.08     128.617996       0.373656     128.139206       0.000007     128.139206       0.000007
           5.09     129.014008       0.373216     128.534302       0.000004     128.534302       0.000004
           5.10     129.410004       0.372301     128.929993       0.000003     128.930008       0.000009
           5.11     129.806000       0.370925     129.326294       0.000002     129.326294       0.000002
           5.12     130.201996       0.369093     129.723206       0.000007     129.723206       0.000007
           5.13     130.598007       0.366822     130.120697       0.000001     130.120697       0.000001
           5.14     130.994003       0.364091     130.518799       0.000002     130.518799       0.000002
           5.15     131.389999       0.360917     130.917496       0.000000     130.917496       0.000000
           5.16     131.785995       0.357303     131.316803       0.000005     131.316803       0.000005
           5.17     132.181992       0.353255     131.716705       0.000007     131.716705       0.000007
           5.18     132.578003       0.348786     132.117203       0.000005     132.117203       0.000005
           5.19     132.973999       0.343879     132.518295       0.000001     132.518295       0.000001
           5.20     133.370010       0.338560     132.919998       0.000001     132.919998       0.000001
           5.21     133.766006       0.332810     133.322296       0.000000     133.322296       0.000000
           5.22     134.162003       0.326645     133.725204       0.000006     133.725204       0.000006
           5.23     134.557999       0.320068     134.128693       0.000003     134.128693       0.000003
           5.24     134.953995       0.313082     134.532806       0.000008     134.532791       0.000004
           5.25     135.349991       0.305693     134.937500       0.000003     134.937500       0.000003
           5.26     135.745987       0.297903     135.342789       0.000005     135.342804       0.000006
           5.27     136.141998       0.289728     135.748703       0.000005     135.748703       0.000005
           5.28     136.538010       0.281160     136.155197       0.000001     136.155197       0.000001
           5.29     136.934006       0.272191     136.562302       0.000004     136.562302       0.000004
           5.30     137.330002       0.262835     136.970001       0.000004     136.969986       0.000007
           5.31     137.725998       0.253098     137.378296       0.000000     137.378296       0.000000
           5.32     138.121994       0.242982     137.787201       0.000004     137.787201       0.000004
           5.33     138.517990       0.232490     138.196701       0.000004     138.196701       0.000004
           5.34     138.914001       0.221638     138.606796       0.000000     138.606796       0.000000
           5.35     139.309998       0.210406     139.017502       0.000004     139.017487       0.000007
           5.36     139.705994       0.198809     139.428787       0.000006     139.428802       0.000005
           5.37     140.101990       0.186851     139.840698       0.000002     139.840698       0.000002
           5.38     140.498001       0.174545     140.253189       0.000005     140.253189       0.000005
           5.39     140.893997       0.161873     140.666290       0.000004     140.666290       0.000004
           5.40     141.289993       0.148850     141.080002       0.000004     141.080002       0.000004
           5.41     141.686005       0.135489     141.494293       0.000002     141.494293       0.000002
           5.42     142.082001       0.121771     141.909195       0.000001     141.909195       0.000001
           5.43     142.477997       0.107712     142.324692       0.000003     142.324692       0.000003
           5.44     142.873993       0.093314     142.740799       0.000002     142.740799       0.000002
           5.45     143.269989       0.078580     143.157501       0.000004     143.157501       0.000004
           5.46     143.666000       0.063524     143.574799       0.000002     143.574799       0.000002
           5.47     144.061996       0.048128     143.992691       0.000003     143.992691       0.000003
           5.48     144.457993       0.032405     144.411194       0.000001     144.411194       0.000001
           5.49     144.854004       0.016370     144.830292       0.000003     144.830292       0.000003
           5.50     145.250000       0.000003     145.250000       0.000003     145.250000       0.000003
           5.51     145.750992       0.055396     145.670303       0.000005     145.670288       0.000005
           5.52     146.251999       0.110070     146.091202       0.000004     146.091202       0.000004
           5.53     146.752991       0.164010     146.512695       0.000000     146.512695       0.000000
           5.54     147.253998       0.217241     146.934799       0.000002     146.934784       0.000008
           5.55     147.754990       0.269748     147.357498       0.000002     147.357483       0.000009
           5.56     148.255997       0.321558     147.780792       0.000002     147.780792       0.000002
           5.57     148.757004       0.372666     148.204697       0.000001     148.204697       0.000001
           5.58     149.257996       0.423066     148.629181       0.000010     148.629196       0.000000
           5.59     149.758987       0.472775     149.054291       0.000003     149.054306       0.000007
           5.60     150.259995       0.521808     149.479996       0.000000     149.479996       0.000000
           5.61     150.760986       0.570150     149.906296       0.000000     149.906296       0.000000
           5.62     151.261993       0.617826     150.333191       0.000003     150.333206       0.000007
           5.63     151.763000       0.664832     150.760696       0.000001     150.760712       0.000011
           5.64     152.263992       0.711162     151.188797       0.000001     151.188812       0.000011
           5.65     152.764999       0.756841     151.617493       0.000002     151.617493       0.000002
           5.66     153.265991       0.801856     152.046799       0.000002     152.046799       0.000002
           5.67     153.766998       0.846230     152.476700       0.000003     152.476700       0.000003
           5.68     154.268005       0.889958     152.907196       0.000000     152.907211       0.000010
           5.69     154.768997       0.933036     153.338287       0.000005     153.338318       0.000015
           5.70     155.269989       0.975479     153.769989       0.000004     153.770020       0.000016
           5.71     155.770996       1.017300     154.202301       0.000004     154.202316       0.000014
           5.72     156.271988       1.058486     154.635193       0.000002     154.635193       0.000002
           5.73     156.772995       1.099061     155.068695       0.000000     155.068695       0.000000
           5.74     157.273987       1.139009     155.502792       0.000002     155.502808       0.000008
           5.75     157.774994       1.178356     155.937500       0.000003     155.937500       0.000003
           5.76     158.276001       1.217095     156.372787       0.000005     156.372803       0.000005
           5.77     158.776993       1.255222     156.808701       0.000003     156.808701       0.000003
           5.78     159.278000       1.292761     157.245193       0.000001     157.245209       0.000009
           5.79     159.778992       1.329697     157.682281       0.000009     157.682312       0.000011
           5.80     160.279999       1.366053     158.119995       0.000000     158.119995       0.000000
           5.81     160.780991       1.401816     158.558289       0.000004     158.558304       0.000005
           5.82     161.281998       1.437008     158.997192       0.000002     158.997223       0.000017
           5.83     161.782990       1.471615     159.436691       0.000002     159.436707       0.000007
           5.84     162.283997       1.505660     159.876801       0.000003     159.876816       0.000013
           5.85     162.784988       1.539129     160.317505       0.000006     160.317520       0.000016
           5.86     163.285995       1.572045     160.758804       0.000006     160.758820       0.000015
           5.87     163.787003       1.604402     161.200699       0.000002     161.200714       0.000012
           5.88     164.287994       1.636196     161.643188       0.000004     161.643204       0.000005
           5.89     164.789001       1.667449     162.086288       0.000004     162.086319       0.000015
           5.90     165.289993       1.698147     162.529984       0.000007     162.529999       0.000002
           5.91     165.790985       1.728303     162.974289       0.000004     162.974319       0.000015
           5.92     166.291992       1.757931     163.419189       0.000003     163.419205       0.000006
           5.93     166.792999       1.787026     163.864685       0.000006     163.864716       0.000013
           5.94     167.293991       1.815581     164.310791       0.000002     164.310806       0.000007
           5.95     167.794998       1.843621     164.757492       0.000002     164.757507       0.000007
           5.96     168.295990       1.871129     165.204788       0.000004     165.204819       0.000014
           5.97     168.796997       1.898129     165.652695       0.000000     165.652725       0.000018
           5.98     169.297989       1.924606     166.101181       0.000008     166.101227       0.000019
           5.99     169.798996       1.950583     166.550293       0.000001     166.550308       0.000008
           6.00     170.300003       1.976053     167.000000       0.000003     167.000015       0.000012
           6.01     170.800995       2.001012     167.450287       0.000005     167.450317       0.000013
           6.02     171.301987       2.025472     167.901184       0.000006     167.901215       0.000012
           6.03     171.802994       2.049447     168.352692       0.000002     168.352737       0.000025
           6.04     172.303986       2.072921     168.804794       0.000000     168.804794       0.000000
           6.05     172.804993       2.095918     169.257492       0.000002     169.257523       0.000016
           6.06     173.306000       2.118430     169.710800       0.000003     169.710800       0.000003
           6.07     173.806992       2.140454     170.164703       0.000005     170.164734       0.000023
           6.08     174.307999       2.162010     170.619202       0.000004     170.619217       0.000013
           6.09     174.808990       2.183084     171.074295       0.000000     171.074341       0.000027
           6.10     175.309998       2.203698     171.529999       0.000002     171.530045       0.000029
           6.11     175.810989       2.223837     171.986298       0.000002     171.986313       0.000011
           6.12     176.311996       2.243522     172.443192       0.000002     172.443283       0.000051
           6.13     176.812988       2.262740     172.900681       0.000008     172.900711       0.000009
           6.14     177.313995       2.281511     173.358780       0.000009     173.358810       0.000009
           6.15     177.814987       2.299822     173.817490       0.000003     173.817551       0.000032
           6.16     178.315994       2.317692     174.276794       0.000000     174.276810       0.000009
           6.17     178.816986       2.335108     174.736694       0.000000     174.736755       0.000035
           6.18     179.317993       2.352092     175.197189       0.000003     175.197189       0.000003
           6.19     179.819000       2.368636     175.658295       0.000000     175.658295       0.000000
           6.20     180.319992       2.384736     176.119995       0.000000     176.120041       0.000026
           6.21     180.820999       2.400413     176.582291       0.000002     176.582336       0.000024
           6.22     181.321991       2.415652     177.045181       0.000008     177.045242       0.000027
           6.23     181.822983       2.430466     177.508698       0.000002     177.508713       0.000010
           6.24     182.323990       2.444865     177.972794       0.000001     177.972809       0.000008
           6.25     182.824997       2.458846     178.437485       0.000005     178.437515       0.000012
           6.26     183.325989       2.472401     178.902786       0.000005     178.902847       0.000029
           6.27     183.826996       2.485552     179.368683       0.000006     179.368744       0.000028
           6.28     184.327988       2.498284     179.835190       0.000003     179.835236       0.000023
           6.29     184.828995       2.510617     180.302292       0.000001     180.302368       0.000041
           6.30     185.329987       2.522538     180.769989       0.000003     180.770004       0.000005
           6.31     185.830994       2.534067     181.238297       0.000001     181.238342       0.000026
           6.32     186.332001       2.545197     181.707184       0.000006     181.707199       0.000003
           6.33     186.832993       2.555924     182.176682       0.000007     182.176758       0.000035
           6.34     187.334000       2.566267     182.646790       0.000003     182.646835       0.000022
           6.35     187.834991       2.576213     183.117493       0.000001     183.117569       0.000041
           6.36     188.335983       2.585773     183.588791       0.000002     183.588837       0.000023
           6.37     188.837006       2.594965     184.060684       0.000006     184.060715       0.000011
           6.38     189.337997       2.603761     184.533188       0.000003     184.533234       0.000021
           6.39     189.838989       2.612179     185.006287       0.000004     185.006363       0.000037
           6.40     190.339996       2.620230     185.479980       0.000007     185.480087       0.000050
           6.41     190.840988       2.627901     185.954300       0.000003     185.954330       0.000019
           6.42     191.341995       2.635210     186.429184       0.000006     186.429184       0.000006
           6.43     191.843002       2.642153     186.904694       0.000000     186.904709       0.000008
           6.44     192.343994       2.648724     187.380783       0.000006     187.380875       0.000043
           6.45     192.844986       2.654934     187.857483       0.000006     187.857513       0.000010
           6.46     193.345993       2.660793     188.334793       0.000001     188.334824       0.000016
           6.47     193.847000       2.666296     188.812698       0.000002     188.812775       0.000043
           6.48     194.347992       2.671438     189.291183       0.000006     189.291275       0.000043
           6.49     194.848984       2.676230     189.770294       0.000000     189.770370       0.000040
           6.50     195.350006       2.680690     190.249985       0.000005     190.250031       0.000019
           6.51     195.850998       2.684788     190.730286       0.000004     190.730316       0.000012
           6.52     196.351990       2.688543     191.211197       0.000001     191.211258       0.000033
           6.53     196.852997       2.691966     191.692688       0.000003     191.692780       0.000045
           6.54     197.353989       2.695044     192.174789       0.000002     192.174850       0.000029
           6.55     197.854996       2.697794     192.657486       0.000004     192.657593       0.000051
           6.56     198.356003       2.700211     193.140793       0.000001     193.140884       0.000047
           6.57     198.856995       2.702290     193.624680       0.000007     193.624741       0.000024
           6.58     199.357986       2.704041     194.109192       0.000001     194.109253       0.000030
           6.59     199.858994       2.705475     194.594284       0.000005     194.594406       0.000058
           6.60     200.360001       2.706585     195.079987       0.000004     195.080048       0.000028
           6.61     200.860992       2.707368     195.566284       0.000005     195.566330       0.000018
           6.62     201.362000       2.707839     196.053192       0.000001     196.053207       0.000007
           6.63     201.863007       2.707995     196.540680       0.000007     196.540741       0.000024
           6.64     202.363998       2.707830     197.028793       0.000000     197.028885       0.000046
           6.65     202.864990       2.707353     197.517502       0.000004     197.517532       0.000020
           6.66     203.365997       2.706576     198.006790       0.000002     198.006866       0.000037
           6.67     203.866989       2.705484     198.496674       0.000010     198.496719       0.000013
           6.68     204.367996       2.704095     198.987183       0.000006     198.987274       0.000040
           6.69     204.869003       2.702404     199.478287       0.000004     199.478439       0.000073
           6.70     205.369995       2.700406     199.969986       0.000004     199.970062       0.000034
           6.71     205.870987       2.698110     200.462296       0.000001     200.462402       0.000054
           6.72     206.371994       2.695526     200.955200       0.000003     200.955215       0.000011
           6.73     206.872986       2.692642     201.448700       0.000003     201.448761       0.000033
           6.74     207.373993       2.689474     201.942795       0.000001     201.942932       0.000069
           6.75     207.875000       2.686017     202.437500       0.000003     202.437576       0.000041
           6.76     208.375992       2.682266     202.932785       0.000004     202.932831       0.000018
           6.77     208.876999       2.678238     203.428680       0.000006     203.428787       0.000046
           6.78     209.377991       2.673920     203.925201       0.000004     203.925278       0.000041
           6.79     209.878983       2.669322     204.422287       0.000003     204.422302       0.000004
           6.80     210.379990       2.664453     204.919983       0.000005     204.920090       0.000047
           6.81     210.880997       2.659307     205.418289       0.000002     205.418350       0.000028
           6.82     211.382004       2.653887     205.917191       0.000001     205.917282       0.000043
           6.83     211.882996       2.648188     206.416687       0.000003     206.416718       0.000012
           6.84     212.383987       2.642219     206.916779       0.000007     206.916885       0.000044
           6.85     212.884995       2.635988     207.417496       0.000001     207.417572       0.000038
           6.86     213.386002       2.629492     207.918793       0.000000     207.918900       0.000051
           6.87     213.886978       2.622717     208.420700       0.000003     208.420715       0.000011
           6.88     214.387985       2.615694     208.923187       0.000003     208.923325       0.000063
           6.89     214.888992       2.608411     209.426285       0.000004     209.426346       0.000025
           6.90     215.389999       2.600870     209.929977       0.000008     209.930115       0.000058
           6.91     215.890991       2.593065     210.434280       0.000006     210.434418       0.000059
           6.92     216.391998       2.585013     210.939194       0.000000     210.939285       0.000044
           6.93     216.893005       2.576708     211.444672       0.000010     211.444763       0.000033
           6.94     217.393982       2.568138     211.950775       0.000009     211.950836       0.000020
           6.95     217.894989       2.559333     212.457489       0.000002     212.457458       0.000016
           6.96     218.395996       2.550282     212.964783       0.000005     212.964767       0.000012
           6.97     218.896988       2.540978     213.472687       0.000003     213.472733       0.000018
           6.98     219.397995       2.531438     213.981186       0.000003     213.981323       0.000061
           6.99     219.899002       2.521657     214.490295       0.000001     214.490402       0.000051
           7.00     220.399979       2.511621     215.000000       0.000003     215.000061       0.000032
           7.01     220.900986       2.501362     215.510300       0.000003     215.510422       0.000060
           7.02     221.401993       2.490867     216.021194       0.000001     216.021317       0.000057
           7.03     221.903000       2.480137     216.532684       0.000004     216.532730       0.000017
           7.04     222.403992       2.469167     217.044785       0.000004     217.044800       0.000003
           7.05     222.904999       2.457974     217.557480       0.000006     217.557587       0.000043
           7.06     223.405991       2.446544     218.070786       0.000003     218.070847       0.000025
           7.07     223.906982       2.434887     218.584702       0.000004     218.584793       0.000046
           7.08     224.407990       2.423011     219.099197       0.000002     219.099274       0.000037
           7.09     224.908997       2.410910     219.614288       0.000002     219.614426       0.000060
           7.10     225.409988       2.398581     220.129990       0.000002     220.130066       0.000033
           7.11     225.910995       2.386037     220.646286       0.000003     220.646317       0.000011
           7.12     226.411987       2.373268     221.163193       0.000000     221.163284       0.000041
           7.13     226.912979       2.360281     221.680695       0.000001     221.680679       0.000006
           7.14     227.413986       2.347084     222.198807       0.000006     222.198883       0.000041
           7.15     227.914993       2.333674     222.717484       0.000004     222.717468       0.000011
           7.16     228.416000       2.320051     223.236786       0.000003     223.236969       0.000079
           7.17     228.916992       2.306210     223.756683       0.000004     223.756653       0.000018
           7.18     229.417999       2.292166     224.277191       0.000001     224.277206       0.000006
           7.19     229.918991       2.277908     224.798294       0.000001     224.798309       0.000007
           7.20     230.419998       2.263450     225.319992       0.000000     225.320099       0.000047
           7.21     230.920990       2.248780     225.842300       0.000003     225.842392       0.000044
           7.22     231.421997       2.233914     226.365189       0.000002     226.365326       0.000059
           7.23     231.923004       2.218846     226.888687       0.000002     226.888733       0.000018
           7.24     232.423996       2.203571     227.412781       0.000005     227.412842       0.000022
           7.25     232.924988       2.188098     227.937500       0.000003     227.937531       0.000017
           7.26     233.425995       2.172433     228.462799       0.000003     228.462875       0.000036
           7.27     233.926987       2.156567     228.988693       0.000000     228.988754       0.000027
           7.28     234.427994       2.140512     229.515182       0.000004     229.515259       0.000029
           7.29     234.929001       2.124265     230.042297       0.000002     230.042358       0.000029
           7.30     235.429993       2.107820     230.569992       0.000000     230.570175       0.000079
           7.31     235.930984       2.091185     231.098297       0.000002     231.098297       0.000002
           7.32     236.431992       2.074367     231.627182       0.000005     231.627213       0.000009
           7.33     236.932999       2.057363     232.156693       0.000000     232.156784       0.000039
           7.34     237.433990       2.040167     232.686783       0.000004     232.686844       0.000022
           7.35     237.934998       2.022792     233.217499       0.000003     233.217514       0.000009
           7.36     238.436005       2.005235     233.748795       0.000001     233.748901       0.000047
           7.37     238.936981       1.987483     234.280685       0.000003     234.280716       0.000010
           7.38     239.437988       1.969564     234.813187       0.000002     234.813324       0.000056
           7.39     239.938995       1.951466     235.346298       0.000002     235.346329       0.000015
           7.40     240.439987       1.933184     235.879990       0.000001     235.879944       0.000021
           7.41     240.940994       1.914733     236.414291       0.000000     236.414307       0.000006
           7.42     241.442001       1.896106     236.949203       0.000005     236.949249       0.000024
           7.43     241.942993       1.877300     237.484680       0.000005     237.484756       0.000027
           7.44     242.443985       1.858322     238.020798       0.000002     238.020782       0.000004
           7.45     242.944992       1.839179     238.557480       0.000005     238.557541       0.000020
           7.46     243.445999       1.819867     239.094772       0.000008     239.094849       0.000024
           7.47     243.946991       1.800380     239.632690       0.000001     239.632767       0.000031
           7.48     244.447998       1.780732     240.171188       0.000002     240.171249       0.000024
           7.49     244.949005       1.760919     240.710297       0.000002     240.710373       0.000034
           7.50     245.449982       1.740928     241.249985       0.000003     241.250015       0.000010
           7.51     245.950989       1.720787     241.790283       0.000004     241.790390       0.000040
           7.52     246.451996       1.700484     242.331177       0.000006     242.331253       0.000025
           7.53     246.952988       1.680014     242.872696       0.000002     242.872772       0.000033
           7.54     247.453995       1.659391     243.414795       0.000001     243.414886       0.000039
           7.55     247.955002       1.638609     243.957504       0.000005     243.957611       0.000049
           7.56     248.455978       1.617658     244.500793       0.000001     244.500809       0.000007
           7.57     248.956985       1.596563     245.044693       0.000000     245.044785       0.000038
           7.58     249.457993       1.575314     245.589188       0.000002     245.589325       0.000054
           7.59     249.958984       1.553905     246.134293       0.000000     246.134384       0.000037
           7.60     250.459991       1.532349     246.679993       0.000000     246.680038       0.000019
           7.61     250.960999       1.510643     247.226303       0.000005     247.226379       0.000035
           7.62     251.461990       1.488780     247.773193       0.000001     247.773239       0.000019
           7.63     251.962982       1.466769     248.320694       0.000001     248.320694       0.000001
           7.64     252.463989       1.444616     248.868790       0.000001     248.868835       0.000018
           7.65     252.964996       1.422316     249.417496       0.000002     249.417496       0.000002
           7.66     253.465988       1.399864     249.966782       0.000004     249.966812       0.000008
           7.67     253.966995       1.377275     250.516678       0.000006     250.516754       0.000025
           7.68     254.468002       1.354542     251.067184       0.000003     251.067291       0.000040
           7.69     254.968979       1.331655     251.618286       0.000002     251.618408       0.000046
           7.70     255.469986       1.308639     252.169998       0.000003     252.170013       0.000009
           7.71     255.970993       1.285483     252.722275       0.000007     252.722351       0.000023
           7.72     256.471985       1.262182     253.275177       0.000006     253.275253       0.000024
           7.73     256.972992       1.238749     253.828690       0.000001     253.828720       0.000011
           7.74     257.473999       1.215179     254.382797       0.000002     254.382797       0.000002
           7.75     257.974976       1.191462     254.937485       0.000003     254.937561       0.000027
           7.76     258.475983       1.167622     255.492798       0.000002     255.492828       0.000014
           7.77     258.976990       1.143649     256.048706       0.000006     256.048767       0.000029
           7.78     259.477997       1.119543     256.605194       0.000001     256.605194       0.000001
           7.79     259.979004       1.095305     257.162292       0.000000     257.162384       0.000036
           7.80     260.480011       1.070937     257.720001       0.000004     257.720032       0.000016
           7.81     260.980988       1.046428     258.278290       0.000001     258.278351       0.000023
           7.82     261.481995       1.021802     258.837189       0.000001     258.837189       0.000001
           7.83     261.983002       0.997048     259.396698       0.000003     259.396759       0.000026
           7.84     262.483978       0.972156     259.956787       0.000002     259.956848       0.000022
           7.85     262.984985       0.947151     260.517487       0.000002     260.517578       0.000033
           7.86     263.485992       0.922021     261.078796       0.000002     261.078888       0.000037
           7.87     263.986969       0.896756     261.640686       0.000002     261.640747       0.000021
           7.88     264.487976       0.871379     262.203186       0.000002     262.203186       0.000002
           7.89     264.988983       0.845882     262.766296       0.000002     262.766357       0.000025
           7.90     265.489990       0.820263     263.329987       0.000002     263.330017       0.000010
           7.91     265.990997       0.794525     263.894287       0.000002     263.894379       0.000033
           7.92     266.492004       0.768668     264.459198       0.000003     264.459259       0.000026
           7.93     266.993011       0.742693     265.024689       0.000001     265.024719       0.000011
           7.94     267.493988       0.716590     265.590790       0.000001     265.590851       0.000022
           7.95     267.994995       0.690382     266.157471       0.000008     266.157501       0.000004
           7.96     268.496002       0.664059     266.724792       0.000000     266.724823       0.000012
           7.97     268.996979       0.637611     267.292694       0.000001     267.292725       0.000013
           7.98     269.497986       0.611061     267.861206       0.000006     267.861206       0.000006
           7.99     269.998993       0.584398     268.430267       0.000009     268.430328       0.000014
           8.00     270.499969       0.557613     269.000000       0.000003     269.000000       0.000003
           8.01     271.000977       0.530728     269.570282       0.000003     269.570343       0.000019
           8.02     271.501984       0.503734     270.141205       0.000005     270.141205       0.000005
           8.03     272.002991       0.476631     270.712677       0.000005     270.712738       0.000017
           8.04     272.503998       0.449420     271.284790       0.000000     271.284821       0.000011
           8.05     273.005005       0.422101     271.857483       0.000003     271.857483       0.000003
           8.06     273.505981       0.394666     272.430786       0.000002     272.430756       0.000013
           8.07     274.006989       0.367136     273.004700       0.000003     273.004669       0.000008
           8.08     274.507996       0.339501     273.579193       0.000001     273.579224       0.000012
           8.09     275.009003       0.311763     274.154297       0.000002     274.154327       0.000013
           8.10     275.509979       0.283911     274.729980       0.000004     274.730011       0.000007
           8.11     276.010986       0.255968     275.306305       0.000005     275.306305       0.000005
           8.12     276.511993       0.227923     275.883179       0.000004     275.883209       0.000007
           8.13     277.013000       0.199779     276.460693       0.000001     276.460724       0.000012
           8.14     277.513977       0.171523     277.038788       0.000001     277.038818       0.000010
           8.15     278.014984       0.143180     277.617493       0.000001     277.617493       0.000001
           8.16     278.515991       0.114739     278.196777       0.000005     278.196808       0.000006
           8.17     279.016998       0.086201     278.776703       0.000004     278.776672       0.000007
           8.18     279.518005       0.057566     279.357178       0.000005     279.357208       0.000006
           8.19     280.018982       0.028825     279.938293       0.000001     279.938293       0.000001
           8.20     280.519989       0.000001     280.519989       0.000001     280.519989       0.000001
           8.21     281.104980       0.000957     281.102295       0.000002     281.102295       0.000002
           8.22     281.690002       0.001708     281.685181       0.000004     281.685181       0.000004
           8.23     282.274994       0.002233     282.268677       0.000005     282.268707       0.000006
           8.24     282.859985       0.002544     282.852783       0.000003     282.852783       0.000003
           8.25     283.444977       0.002641     283.437500       0.000003     283.437469       0.000007
           8.26     284.029968       0.002527     284.022766       0.000009     284.022766       0.000009
           8.27     284.614990       0.002213     284.608673       0.000006     284.608673       0.000006
           8.28     285.199982       0.001680     285.195190       0.000000     285.195160       0.000011
           8.29     285.784973       0.000939     285.782288       0.000001     285.782288       0.000001
           8.30     286.369995       0.000002     286.369995       0.000002     286.369965       0.000009
           8.31     286.981964       0.008250     286.958282       0.000003     286.958282       0.000003
           8.32     287.593964       0.016266     287.547180       0.000004     287.547150       0.000014
           8.33     288.205963       0.024042     288.136688       0.000001     288.136658       0.000011
           8.34     288.817963       0.031577     288.726776       0.000005     288.726746       0.000015
           8.35     289.429993       0.038885     289.317474       0.000006     289.317444       0.000016
           8.36     290.041992       0.045946     289.908783       0.000003     289.908752       0.000013
           8.37     290.653961       0.052761     290.500671       0.000006     290.500641       0.000017
           8.38     291.265961       0.059352     291.093170       0.000007     291.093140       0.000017
           8.39     291.877960       0.065711     291.686279       0.000004     291.686249       0.000014
           8.40     292.489960       0.071838     292.279968       0.000007     292.279968       0.000007
           8.41     293.101990       0.077747     292.874268       0.000008     292.874237       0.000018
           8.42     293.713989       0.083416     293.469177       0.000004     293.469147       0.000015
           8.43     294.325989       0.088858     294.064667       0.000008     294.064667       0.000008
           8.44     294.937958       0.094063     294.660767       0.000008     294.660736       0.000018
           8.45     295.549957       0.099055     295.257416       0.000025     295.257446       0.000015
           8.46     296.161957       0.103823     295.854736       0.000018     295.854736       0.000018
           8.47     296.773956       0.108370     296.452637       0.000018     296.452637       0.000018
           8.48     297.385986       0.112707     297.051178       0.000004     297.051117       0.000025
           8.49     297.997986       0.116814     297.650238       0.000017     297.650238       0.000017
           8.50     298.609985       0.120703     298.249939       0.000017     298.249939       0.000017
           8.51     299.221954       0.124365     298.850220       0.000023     298.850220       0.000023
           8.52     299.833954       0.127822     299.451172       0.000006     299.451141       0.000016
           8.53     300.445953       0.131065     300.052612       0.000026     300.052643       0.000016
           8.54     301.057953       0.134095     300.654785       0.000002     300.654755       0.000012
           8.55     301.669952       0.136914     301.257477       0.000004     301.257416       0.000025
           8.56     302.281982       0.139532     301.860718       0.000024     301.860718       0.000024
           8.57     302.893951       0.141921     302.464630       0.000020     302.464630       0.000020
           8.58     303.505951       0.144113     303.069122       0.000022     303.069092       0.000032
           8.59     304.117981       0.146108     303.674225       0.000021     303.674194       0.000031
           8.60     304.729980       0.147887     304.279968       0.000007     304.279907       0.000027
           8.61     305.341980       0.149462     304.886261       0.000009     304.886200       0.000029
           8.62     305.953979       0.150835     305.493164       0.000008     305.493103       0.000028
           8.63     306.565979       0.152005     306.100586       0.000034     306.100586       0.000034
           8.64     307.177948       0.152965     306.708710       0.000026     306.708679       0.000036
           8.65     307.789948       0.153736     307.317413       0.000025     307.317413       0.000025
           8.66     308.401978       0.154318     307.926758       0.000010     307.926697       0.000030
           8.67     309.013977       0.154694     308.536682       0.000002     308.536591       0.000032
           8.68     309.625977       0.154873     309.147186       0.000001     309.147095       0.000031
           8.69     310.237976       0.154858     309.758270       0.000006     309.758209       0.000026
           8.70     310.849976       0.154650     310.369904       0.000028     310.369873       0.000038
           8.71     311.461975       0.154249     310.982208       0.000026     310.982178       0.000036
           8.72     312.073975       0.153656     311.595093       0.000031     311.595093       0.000031
           8.73     312.685974       0.152874     312.208679       0.000003     312.208588       0.000033
           8.74     313.297974       0.151902     312.822693       0.000031     312.822693       0.000031
           8.75     313.909973       0.150743     313.437408       0.000026     313.437347       0.000045
           8.76     314.521942       0.149387     314.052765       0.000008     314.052704       0.000027
           8.77     315.133942       0.147855     314.668610       0.000025     314.668610       0.000025
           8.78     315.745972       0.146148     315.285126       0.000020     315.285095       0.000030
           8.79     316.357971       0.144248     315.902222       0.000021     315.902222       0.000021
           8.80     316.969971       0.142165     316.519897       0.000029     316.519928       0.000019
           8.81     317.581970       0.139901     317.138245       0.000014     317.138184       0.000033
           8.82     318.193970       0.137457     317.757111       0.000025     317.757080       0.000034
           8.83     318.805939       0.134824     318.376617       0.000023     318.376587       0.000032
           8.84     319.417938       0.132023     318.996765       0.000008     318.996704       0.000027
           8.85     320.029968       0.129054     319.617462       0.000008     319.617432       0.000018
           8.86     320.641968       0.125899     320.238708       0.000025     320.238678       0.000035
           8.87     321.253967       0.122570     320.860626       0.000020     320.860565       0.000039
           8.88     321.865967       0.119066     321.483093       0.000030     321.483093       0.000030
           8.89     322.477966       0.115390     322.106232       0.000018     322.106201       0.000027
           8.90     323.089935       0.111532     322.729950       0.000012     322.729889       0.000031
           8.91     323.701935       0.107512     323.354248       0.000013     323.354218       0.000022
           8.92     324.313965       0.103333     323.979126       0.000019     323.979095       0.000029
           8.93     324.925964       0.098974     324.604614       0.000023     324.604584       0.000032
           8.94     325.537964       0.094448     325.230743       0.000014     325.230713       0.000023
           8.95     326.149963       0.089755     325.857422       0.000021     325.857422       0.000021
           8.96     326.761963       0.084896     326.484772       0.000005     326.484711       0.000024
           8.97     327.373962       0.079873     327.112640       0.000015     327.112610       0.000024
           8.98     327.985931       0.074676     327.741150       0.000012     327.741089       0.000030
           8.99     328.597961       0.069334     328.370239       0.000015     328.370209       0.000024
           9.00     329.209961       0.063821     328.999939       0.000015     328.999939       0.000015
           9.01     329.821960       0.058147     329.630249       0.000012     329.630249       0.000012
           9.02     330.433960       0.052314     330.261139       0.000015     330.261108       0.000024
           9.03     331.045959       0.046320     330.892639       0.000015     330.892639       0.000015
           9.04     331.657959       0.040169     331.524750       0.000012     331.524750       0.000012
           9.05     332.269958       0.033860     332.157471       0.000005     332.157440       0.000015
           9.06     332.881958       0.027395     332.790741       0.000014     332.790741       0.000014
           9.07     333.493958       0.020775     333.424652       0.000011     333.424652       0.000011
           9.08     334.105957       0.014000     334.059143       0.000014     334.059143       0.000014
           9.09     334.717957       0.007072     334.694244       0.000013     334.694244       0.000013
           9.10     335.329956       0.000010     335.329956       0.000010     335.329956       0.000010
           9.11     335.968964       0.000796     335.966248       0.000012     335.966248       0.000012
           9.12     336.607971       0.001421     336.603180       0.000003     336.603180       0.000003
           9.13     337.246979       0.001865     337.240692       0.000001     337.240692       0.000001
           9.14     337.885986       0.002130     337.878784       0.000001     337.878754       0.000010
           9.15     338.524994       0.002217     338.517487       0.000001     338.517487       0.000001
           9.16     339.164001       0.002127     339.156799       0.000003     339.156769       0.000006
           9.17     339.802979       0.001851     339.796692       0.000001     339.796692       0.000001
           9.18     340.441986       0.001409     340.437195       0.000002     340.437195       0.000002
           9.19     341.080994       0.000793     341.078308       0.000006     341.078308       0.000006
           9.20     341.720001       0.000004     341.720001       0.000004     341.720001       0.000004
           9.21     342.365021       0.000798     342.362305       0.000005     342.362305       0.000005
           9.22     343.009979       0.001397     343.005188       0.000000     343.005219       0.000009
           9.23     343.654999       0.001836     343.648682       0.000002     343.648712       0.000007
           9.24     344.299988       0.002091     344.292786       0.000001     344.292786       0.000001
           9.25     344.945007       0.002180     344.937500       0.000003     344.937500       0.000003
           9.26     345.589996       0.002086     345.582794       0.000002     345.582794       0.000002
           9.27     346.234985       0.001819     346.228699       0.000003     346.228699       0.000003
           9.28     346.880005       0.001389     346.875183       0.000001     346.875183       0.000001
           9.29     347.524994       0.000779     347.522278       0.000003     347.522308       0.000006
           9.30     348.169983       0.000001     348.169983       0.000001     348.169983       0.000001
           9.31     348.820984       0.000773     348.818298       0.000003     348.818298       0.000003
           9.32     349.471985       0.001373     349.467194       0.000002     349.467194       0.000002
           9.33     350.123016       0.001808     350.116699       0.000003     350.116699       0.000003
           9.34     350.773987       0.002052     350.766785       0.000001     350.766785       0.000001
           9.35     351.424988       0.002134     351.417480       0.000002     351.417511       0.000007
           9.36     352.075989       0.002045     352.068787       0.000000     352.068817       0.000008
           9.37     352.726990       0.001787     352.720673       0.000004     352.720703       0.000004
           9.38     353.377991       0.001359     353.373199       0.000003     353.373199       0.000003
           9.39     354.028992       0.000764     354.026306       0.000005     354.026306       0.000005
           9.40     354.680023       0.000010     354.679993       0.000001     354.680023       0.000010
           9.41     355.337006       0.000765     355.334290       0.000001     355.334290       0.000001
           9.42     355.993988       0.001348     355.989197       0.000003     355.989197       0.000003
           9.43     356.651001       0.001770     356.644684       0.000001     356.644684       0.000001
           9.44     357.307983       0.002014     357.300781       0.000002     357.300812       0.000007
           9.45     357.964996       0.002098     357.957489       0.000000     357.957489       0.000000
           9.46     358.621979       0.002005     358.614807       0.000005     358.614807       0.000005
           9.47     359.278992       0.001755     359.272675       0.000004     359.272705       0.000005
           9.48     359.936005       0.001338     359.931183       0.000001     359.931183       0.000001
           9.49     360.592987       0.000749     360.590302       0.000004     360.590271       0.000005
           9.50     361.250000       0.000003     361.250000       0.000003     361.250000       0.000003
           9.51     361.912994       0.000748     361.910278       0.000003     361.910278       0.000003
           9.52     362.575989       0.001324     362.571167       0.000006     362.571198       0.000003
           9.53     363.238983       0.001733     363.232697       0.000003     363.232697       0.000003
           9.54     363.901978       0.001976     363.894775       0.000003     363.894775       0.000003
           9.55     364.564972       0.002053     364.557465       0.000006     364.557465       0.000006
           9.56     365.227966       0.001966     365.220764       0.000006     365.220764       0.000006
           9.57     365.890961       0.001715     365.884674       0.000004     365.884674       0.000004
           9.58     366.553955       0.001301     366.549164       0.000006     366.549164       0.000006
           9.59     367.216980       0.000733     367.214264       0.000006     367.214264       0.000006
           9.60     367.879974       0.000003     367.879974       0.000003     367.879974       0.000003
           9.61     368.548981       0.000731     368.546265       0.000006     368.546265       0.000006
           9.62     369.217987       0.001300     369.213165       0.000006     369.213165       0.000006
           9.63     369.886993       0.001705     369.880676       0.000003     369.880676       0.000003
           9.64     370.556000       0.001946     370.548798       0.000003     370.548767       0.000005
           9.65     371.224976       0.002017     371.217499       0.000003     371.217499       0.000003
           9.66     371.894012       0.001943     371.886780       0.000002     371.886810       0.000006
           9.67     372.562988       0.001691     372.556702       0.000004     372.556702       0.000004
           9.68     373.231995       0.001288     373.227203       0.000004     373.227203       0.000004
           9.69     373.901001       0.000726     373.898285       0.000001     373.898315       0.000008
           9.70     374.570007       0.000005     374.570007       0.000005     374.570007       0.000005
           9.71     375.244995       0.000722     375.242310       0.000006     375.242310       0.000006
           9.72     375.919983       0.001276     375.915192       0.000001     375.915192       0.000001
           9.73     376.595001       0.001677     376.588684       0.000001     376.588684       0.000001
           9.74     377.269989       0.001909     377.262787       0.000000     377.262787       0.000000
           9.75     377.945007       0.001990     377.937500       0.000003     377.937500       0.000003
           9.76     378.619995       0.001904     378.612793       0.000002     378.612793       0.000002
           9.77     379.295013       0.001668     379.288696       0.000003     379.288696       0.000003
           9.78     379.970001       0.001267     379.965179       0.000002     379.965179       0.000002
           9.79     380.644989       0.000710     380.642273       0.000004     380.642273       0.000004
           9.80     381.319977       0.000003     381.319977       0.000003     381.320007       0.000005
           9.81     382.000977       0.000704     381.998291       0.000001     381.998291       0.000001
           9.82     382.682007       0.001260     382.677185       0.000000     382.677185       0.000000
           9.83     383.363007       0.001649     383.356689       0.000001     383.356689       0.000001
           9.84     384.043976       0.001872     384.036774       0.000003     384.036774       0.000003
           9.85     384.725006       0.001955     384.717499       0.000003     384.717499       0.000003
           9.86     385.406006       0.001873     385.398804       0.000004     385.398804       0.000004
           9.87     386.087006       0.001637     386.080688       0.000001     386.080719       0.000008
           9.88     386.768005       0.001246     386.763214       0.000007     386.763214       0.000007
           9.89     387.449005       0.000702     387.446320       0.000009     387.446320       0.000009
           9.90     388.130005       0.000005     388.130005       0.000005     388.130035       0.000013
           9.91     388.817017       0.000702     388.814301       0.000004     388.814331       0.000011
           9.92     389.503998       0.001235     389.499237       0.000013     389.499207       0.000005
           9.93     390.191010       0.001621     390.184692       0.000002     390.184723       0.000009
           9.94     390.878021       0.001851     390.870819       0.000008     390.870819       0.000008
           9.95     391.565002       0.001920     391.557526       0.000010     391.557495       0.000002
           9.96     392.252014       0.001843     392.244812       0.000007     392.244812       0.000007
           9.97     392.938995       0.001606     392.932709       0.000006     392.932709       0.000006
           9.98     393.626007       0.001225     393.621216       0.000008     393.621185       0.000000
           9.99     394.312988       0.000685     394.310303       0.000004     394.310303       0.000004
          10.00     394.999969       0.000004     394.999969       0.000004     394.999969       0.000004
