             x      Linear LP     L_Error(%)   Quadratic LP     Q_Error(%)       Cubic LP     C_Error(%) 
           1.01       0.846445       0.045728       0.846845       0.001585       0.846834       0.000220
           1.02       0.851418       0.080948       0.852131       0.002656       0.852111       0.000354
           1.03       0.856392       0.105807       0.857327       0.003245       0.857303       0.000422
           1.04       0.861365       0.120446       0.862434       0.003456       0.862408       0.000429
           1.05       0.866339       0.124977       0.867452       0.003341       0.867427       0.000400
           1.06       0.871313       0.119525       0.872381       0.002963       0.872359       0.000346
           1.07       0.876286       0.104208       0.877221       0.002383       0.877203       0.000270
           1.08       0.881260       0.079116       0.881972       0.001658       0.881959       0.000185
           1.09       0.886234       0.044351       0.886634       0.000845       0.886628       0.000086
           1.10       0.891207       0.000002       0.891207       0.000002       0.891207       0.000002
           1.11       0.895290       0.045572       0.895691       0.000834       0.895698       0.000089
           1.12       0.899374       0.080745       0.900086       0.001599       0.900099       0.000149
           1.13       0.903457       0.105629       0.904392       0.002252       0.904410       0.000195
           1.14       0.907540       0.120342       0.908658       0.002647       0.908631       0.000226
           1.15       0.911623       0.124972       0.912787       0.002555       0.912762       0.000240
           1.16       0.915706       0.119623       0.916824       0.002264       0.916801       0.000226
           1.17       0.919790       0.104376       0.920767       0.001821       0.920749       0.000192
           1.18       0.923873       0.079310       0.924618       0.001265       0.924605       0.000147
           1.19       0.927956       0.044497       0.928375       0.000644       0.928368       0.000075
           1.20       0.932039       0.000007       0.932039       0.000000       0.932039       0.000000
           1.21       0.935191       0.045427       0.935610       0.000642       0.935615       0.000081
           1.22       0.938343       0.080554       0.939088       0.001223       0.939098       0.000151
           1.23       0.941495       0.105469       0.942473       0.001715       0.942487       0.000197
           1.24       0.944647       0.120247       0.945802       0.001901       0.945782       0.000223
           1.25       0.947799       0.124977       0.949002       0.001841       0.948982       0.000238
           1.26       0.950951       0.119713       0.952106       0.001632       0.952088       0.000221
           1.27       0.954102       0.104533       0.955113       0.001315       0.955099       0.000195
           1.28       0.957254       0.079482       0.958025       0.000915       0.958015       0.000137
           1.29       0.960406       0.044624       0.960840       0.000463       0.960834       0.000077
           1.30       0.963558       0.000001       0.963558       0.000001       0.963558       0.000008
           1.31       0.965747       0.045291       0.966181       0.000454       0.966184       0.000078
           1.32       0.967937       0.080373       0.968707       0.000864       0.968714       0.000144
           1.33       0.970126       0.105308       0.971160       0.001147       0.971147       0.000191
           1.34       0.972315       0.120163       0.973496       0.001216       0.973482       0.000217
           1.35       0.974504       0.124970       0.975735       0.001170       0.975721       0.000235
           1.36       0.976693       0.119803       0.977875       0.001032       0.977862       0.000223
           1.37       0.978882       0.104684       0.979916       0.000826       0.979906       0.000190
           1.38       0.981071       0.079657       0.981859       0.000572       0.981852       0.000144
           1.39       0.983261       0.044754       0.983704       0.000285       0.983700       0.000079
           1.40       0.985450       0.000006       0.985450       0.000000       0.985450       0.000000
           1.41       0.986654       0.045170       0.987103       0.000268       0.987099       0.000082
           1.42       0.987859       0.080209       0.988656       0.000439       0.988650       0.000146
           1.43       0.989063       0.105164       0.990110       0.000529       0.990103       0.000193
           1.44       0.990268       0.120079       0.991464       0.000554       0.991456       0.000227
           1.45       0.991472       0.124973       0.992718       0.000521       0.992711       0.000236
           1.46       0.992677       0.119886       0.993873       0.000455       0.993866       0.000223
           1.47       0.993881       0.104821       0.994928       0.000355       0.994922       0.000190
           1.48       0.995086       0.079818       0.995883       0.000245       0.995879       0.000144
           1.49       0.996290       0.044877       0.996739       0.000122       0.996737       0.000075
           1.50       0.997495       0.000001       0.997495       0.000001       0.997495       0.000001
           1.51       0.997703       0.045041       0.998152       0.000016       0.998152       0.000081
           1.52       0.997911       0.080044       0.998710       0.000047       0.998709       0.000142
           1.53       0.998119       0.105030       0.999167       0.000068       0.999166       0.000193
           1.54       0.998326       0.119998       0.999525       0.000094       0.999524       0.000225
           1.55       0.998534       0.124977       0.999783       0.000108       0.999781       0.000233
           1.56       0.998742       0.119963       0.999941       0.000109       0.999939       0.000228
           1.57       0.998950       0.104968       0.999999       0.000099       0.999998       0.000195
           1.58       0.999158       0.079983       0.999957       0.000080       0.999956       0.000146
           1.59       0.999366       0.044995       0.999815       0.000045       0.999815       0.000075
           1.60       0.999574       0.000002       0.999574       0.000002       0.999574       0.000002
           1.61       0.998783       0.044929       0.999232       0.000048       0.999231       0.000077
           1.62       0.997992       0.079885       0.998791       0.000106       0.998788       0.000145
           1.63       0.997201       0.104885       0.998250       0.000168       0.998246       0.000190
           1.64       0.996410       0.119912       0.997609       0.000223       0.997604       0.000220
           1.65       0.995619       0.124977       0.996868       0.000258       0.996863       0.000233
           1.66       0.994828       0.120042       0.996027       0.000283       0.996022       0.000219
           1.67       0.994037       0.105107       0.995086       0.000274       0.995081       0.000194
           1.68       0.993247       0.080142       0.994046       0.000243       0.994042       0.000147
           1.69       0.992456       0.045113       0.992905       0.000150       0.992903       0.000078
           1.70       0.991665       0.000001       0.991665       0.000001       0.991665       0.000001
           1.71       0.989883       0.044808       0.990329       0.000224       0.990326       0.000071
           1.72       0.988101       0.079726       0.988894       0.000433       0.988888       0.000140
           1.73       0.986320       0.104743       0.987360       0.000630       0.987352       0.000191
           1.74       0.984538       0.119834       0.985727       0.000788       0.985717       0.000215
           1.75       0.982756       0.124971       0.983995       0.000898       0.983984       0.000235
           1.76       0.980974       0.120126       0.982164       0.000940       0.982152       0.000220
           1.77       0.979193       0.105250       0.980233       0.000889       0.980223       0.000193
           1.78       0.977411       0.080303       0.978189       0.000730       0.978195       0.000145
           1.79       0.975629       0.045242       0.976067       0.000377       0.976070       0.000078
           1.80       0.973848       0.000001       0.973848       0.000001       0.973848       0.000001
           1.81       0.971093       0.044680       0.971531       0.000389       0.971526       0.000084
           1.82       0.968338       0.079558       0.969117       0.000767       0.969108       0.000143
           1.83       0.965583       0.104595       0.966605       0.001104       0.966593       0.000191
           1.84       0.962829       0.119756       0.963996       0.001372       0.963981       0.000223
           1.85       0.960074       0.124978       0.961290       0.001551       0.961273       0.000234
           1.86       0.957319       0.120213       0.958487       0.001612       0.958469       0.000223
           1.87       0.954564       0.105402       0.955557       0.001502       0.955570       0.000199
           1.88       0.951810       0.080478       0.952566       0.001068       0.952575       0.000148
           1.89       0.949055       0.045370       0.949480       0.000561       0.949485       0.000078
           1.90       0.946300       0.000001       0.946300       0.000001       0.946300       0.000001
           1.91       0.942600       0.044549       0.943025       0.000568       0.943019       0.000077
           1.92       0.938900       0.079381       0.939656       0.001115       0.939644       0.000141
           1.93       0.935199       0.104446       0.936192       0.001606       0.936175       0.000189
           1.94       0.931499       0.119659       0.932634       0.001996       0.932613       0.000222
           1.95       0.927799       0.124969       0.928981       0.002253       0.928958       0.000237
           1.96       0.924098       0.120301       0.925233       0.002334       0.925209       0.000223
           1.97       0.920398       0.105558       0.921352       0.002026       0.921369       0.000195
           1.98       0.916698       0.080658       0.917425       0.001442       0.917437       0.000149
           1.99       0.912998       0.045511       0.913407       0.000747       0.913413       0.000081
           2.00       0.909297       0.000003       0.909297       0.000003       0.909297       0.000003
           2.01       0.904689       0.044406       0.905097       0.000757       0.905090       0.000079
           2.02       0.900080       0.079198       0.900807       0.001488       0.900792       0.000146
           2.03       0.895471       0.104280       0.896425       0.002142       0.896404       0.000192
           2.04       0.890862       0.119572       0.891952       0.002668       0.891927       0.000226
           2.05       0.886253       0.124980       0.887389       0.003007       0.887360       0.000244
           2.06       0.881645       0.120404       0.882735       0.003112       0.882705       0.000230
           2.07       0.877036       0.105738       0.877941       0.002593       0.877962       0.000196
           2.08       0.872427       0.080859       0.873117       0.001842       0.873132       0.000149
           2.09       0.867818       0.045659       0.868206       0.000960       0.868214       0.000081
           2.10       0.863209       0.000008       0.863209       0.000008       0.863209       0.000008
           2.11       0.857738       0.044262       0.858126       0.000970       0.858117       0.000079
           2.12       0.852267       0.078986       0.852957       0.001908       0.852939       0.000146
           2.13       0.846795       0.104091       0.847701       0.002739       0.847676       0.000193
           2.14       0.841324       0.119466       0.842359       0.003405       0.842329       0.000225
           2.15       0.835853       0.124978       0.836931       0.003846       0.836897       0.000235
           2.16       0.830382       0.120503       0.831351       0.003901       0.831382       0.000223
           2.17       0.824910       0.105919       0.825759       0.003201       0.825783       0.000191
           2.18       0.819439       0.081083       0.820085       0.002270       0.820103       0.000140
           2.19       0.813968       0.045829       0.814331       0.001188       0.814340       0.000075
           2.20       0.808496       0.000007       0.808496       0.000007       0.808496       0.000007
           2.21       0.802217       0.044081       0.802581       0.001215       0.802571       0.000070
           2.22       0.795938       0.078750       0.796584       0.002385       0.796564       0.000137
           2.23       0.789659       0.103881       0.790507       0.003425       0.790479       0.000186
           2.24       0.783380       0.119336       0.784349       0.004264       0.784314       0.000228
           2.25       0.777101       0.124969       0.778111       0.004808       0.778071       0.000233
           2.26       0.770822       0.120633       0.771716       0.004784       0.771751       0.000227
           2.27       0.764543       0.106146       0.765325       0.003930       0.765353       0.000200
           2.28       0.758263       0.081338       0.758859       0.002803       0.758880       0.000148
           2.29       0.751984       0.046030       0.752320       0.001465       0.752330       0.000086
           2.30       0.745705       0.000006       0.745705       0.000006       0.745705       0.000014
           2.31       0.738681       0.043881       0.739016       0.001480       0.739005       0.000077
           2.32       0.731657       0.078483       0.732253       0.002919       0.732230       0.000142
           2.33       0.724633       0.103648       0.725415       0.004208       0.725383       0.000196
           2.34       0.717608       0.119202       0.718502       0.005240       0.718463       0.000227
           2.35       0.710584       0.124973       0.711516       0.005927       0.711472       0.000230
           2.36       0.703560       0.120772       0.704370       0.005796       0.704409       0.000219
           2.37       0.696536       0.106404       0.697245       0.004766       0.697276       0.000185
           2.38       0.689512       0.081636       0.690052       0.003390       0.690074       0.000133
           2.39       0.682487       0.046244       0.682791       0.001759       0.682803       0.000074
           2.40       0.675463       0.000017       0.675463       0.000008       0.675463       0.000008
           2.41       0.667764       0.043624       0.668068       0.001835       0.668055       0.000057
           2.42       0.660065       0.078139       0.660605       0.003601       0.660580       0.000125
           2.43       0.652366       0.103340       0.653075       0.005183       0.653040       0.000184
           2.44       0.644667       0.119016       0.645477       0.006466       0.645434       0.000220
           2.45       0.636968       0.124969       0.637811       0.007312       0.637763       0.000220
           2.46       0.629269       0.120948       0.629986       0.007061       0.630029       0.000221
           2.47       0.621570       0.106723       0.622197       0.005826       0.622232       0.000193
           2.48       0.613870       0.082019       0.614349       0.004153       0.614373       0.000146
           2.49       0.606171       0.046549       0.606440       0.002184       0.606453       0.000081
           2.50       0.598472       0.000009       0.598472       0.000001       0.598472       0.000009
           2.51       0.590175       0.043343       0.590444       0.002236       0.590430       0.000086
           2.52       0.581878       0.077745       0.582356       0.004406       0.582330       0.000149
           2.53       0.573581       0.102975       0.574209       0.006367       0.574171       0.000204
           2.54       0.565284       0.118812       0.566001       0.007968       0.565955       0.000225
           2.55       0.556987       0.124981       0.557734       0.009045       0.557682       0.000242
           2.56       0.548690       0.121197       0.549308       0.008694       0.549354       0.000242
           2.57       0.540393       0.107154       0.540933       0.007187       0.540971       0.000212
           2.58       0.532095       0.082520       0.532508       0.005145       0.532534       0.000164
           2.59       0.523798       0.046936       0.524030       0.002703       0.524044       0.000098
           2.60       0.515501       0.000016       0.515501       0.000016       0.515501       0.000016
           2.61       0.506689       0.042945       0.506921       0.002784       0.506906       0.000086
           2.62       0.497877       0.077191       0.498289       0.005506       0.498261       0.000146
           2.63       0.489065       0.102480       0.489606       0.007984       0.489566       0.000198
           2.64       0.480253       0.118521       0.480871       0.010024       0.480822       0.000228
           2.65       0.471441       0.124977       0.472084       0.011416       0.472029       0.000239
           2.66       0.462629       0.121501       0.463141       0.010873       0.463190       0.000225
           2.67       0.453816       0.107714       0.454265       0.009012       0.454305       0.000202
           2.68       0.445004       0.083178       0.445346       0.006466       0.445374       0.000150
           2.69       0.436192       0.047445       0.436384       0.003404       0.436399       0.000078
           2.70       0.427380       0.000012       0.427380       0.000005       0.427380       0.000012
           2.71       0.418141       0.042362       0.418333       0.003576       0.418318       0.000065
           2.72       0.408902       0.076391       0.409243       0.007092       0.409214       0.000133
           2.73       0.399662       0.101759       0.400111       0.010323       0.400069       0.000181
           2.74       0.390423       0.118085       0.390936       0.013008       0.390884       0.000221
           2.75       0.381184       0.124969       0.381718       0.014891       0.381660       0.000234
           2.76       0.371945       0.121966       0.372346       0.014121       0.372398       0.000228
           2.77       0.362706       0.108567       0.363057       0.011781       0.363099       0.000208
           2.78       0.353467       0.084201       0.353734       0.008516       0.353764       0.000168
           2.79       0.344227       0.048256       0.344378       0.004521       0.344393       0.000099
           2.80       0.334988       0.000012       0.334988       0.000012       0.334988       0.000012
           2.81       0.325414       0.041500       0.325565       0.004767       0.325549       0.000085
           2.82       0.315840       0.075174       0.316108       0.009534       0.316078       0.000140
           2.83       0.306267       0.100631       0.306618       0.014010       0.306574       0.000183
           2.84       0.296693       0.117398       0.297094       0.017807       0.297041       0.000212
           2.85       0.287119       0.124969       0.287537       0.020560       0.287477       0.000225
           2.86       0.277545       0.122720       0.277832       0.019484       0.277885       0.000222
           2.87       0.267971       0.109974       0.268222       0.016401       0.268266       0.000181
           2.88       0.258397       0.085906       0.258588       0.011959       0.258619       0.000124
           2.89       0.248823       0.049608       0.248931       0.006391       0.248947       0.000053
           2.90       0.239249       0.000041       0.239249       0.000041       0.239249       0.000041
           2.91       0.229437       0.039846       0.229544       0.007027       0.229528       0.000030
           2.92       0.219624       0.072832       0.219815       0.014188       0.219783       0.000084
           2.93       0.209811       0.098419       0.210062       0.021107       0.210017       0.000143
           2.94       0.199998       0.116033       0.200285       0.027248       0.200230       0.000184
           2.95       0.190185       0.124950       0.190484       0.031987       0.190422       0.000199
           2.96       0.180372       0.124305       0.180541       0.030622       0.180596       0.000209
           2.97       0.170559       0.113031       0.170707       0.026330       0.170752       0.000185
           2.98       0.160746       0.089766       0.160859       0.019655       0.160890       0.000150
           2.99       0.150933       0.052826       0.150996       0.010810       0.151013       0.000094
           3.00       0.141120       0.000004       0.141120       0.000004       0.141120       0.000004
           3.01       0.131166       0.035923       0.131230       0.012432       0.131213       0.000071
           3.02       0.121212       0.066900       0.121325       0.026099       0.121293       0.000142
           3.03       0.111258       0.092508       0.111406       0.040439       0.111361       0.000206
           3.04       0.101304       0.112163       0.101473       0.054666       0.101418       0.000263
           3.05       0.091350       0.125036       0.091527       0.067671       0.091464       0.000314
           3.06       0.081396       0.129827       0.081446       0.068697       0.081502       0.000336
           3.07       0.071442       0.124574       0.071486       0.063631       0.071531       0.000355
           3.08       0.061489       0.106025       0.061522       0.052058       0.061554       0.000349
           3.09       0.051535       0.068372       0.051553       0.032137       0.051570       0.000309
           3.10       0.041581       0.000230       0.041581       0.000230       0.041581       0.000230
           3.11       0.031585       0.007269       0.031604       0.051876       0.031587       0.000264
           3.12       0.021590       0.006205       0.021623       0.147639       0.021591       0.000304
           3.13       0.011594       0.015294       0.011638       0.391392       0.011592       0.000412
           3.14       0.001599       0.379680       0.001649       3.508215       0.001593       0.001734
           3.15      -0.008397       0.124685      -0.008345       0.742055      -0.008407       0.000050
           3.16      -0.018392       0.076473      -0.018462       0.303631      -0.018406       0.000070
           3.17      -0.028388       0.055727      -0.028449       0.159808      -0.028403       0.000117
           3.18      -0.038383       0.038389      -0.038430       0.083077      -0.038398       0.000106
           3.19      -0.048379       0.020276      -0.048405       0.033946      -0.048388       0.000098
           3.20      -0.058374       0.000081      -0.058374       0.000081      -0.058374       0.000081
           3.21      -0.068311       0.062531      -0.068337       0.024152      -0.068354       0.000172
           3.22      -0.078248       0.100361      -0.078295       0.040815      -0.078327       0.000227
           3.23      -0.088186       0.120778      -0.088247       0.051446      -0.088292       0.000258
           3.24      -0.098123       0.128079      -0.098193       0.056871      -0.098248       0.000253
           3.25      -0.108060       0.124975      -0.108257       0.057146      -0.108195       0.000237
           3.26      -0.117997       0.113239      -0.118186       0.046884      -0.118131       0.000198
           3.27      -0.127934       0.094121      -0.128100       0.035138      -0.128055       0.000156
           3.28      -0.137871       0.068468      -0.137997       0.022938      -0.137966       0.000100
           3.29      -0.147809       0.036927      -0.147879       0.011053      -0.147863       0.000032
           3.30      -0.157746       0.000029      -0.157746       0.000029      -0.157746       0.000029
           3.31      -0.167525       0.052017      -0.167596       0.009691      -0.167612       0.000071
           3.32      -0.177305       0.088824      -0.177431       0.017762      -0.177462       0.000154
           3.33      -0.187084       0.112304      -0.187250       0.023929      -0.187294       0.000204
           3.34      -0.196864       0.123953      -0.197053       0.027988      -0.197108       0.000235
           3.35      -0.206643       0.124983      -0.206962       0.029263      -0.206901       0.000244
           3.36      -0.216423       0.116383      -0.216729       0.025019      -0.216675       0.000234
           3.37      -0.226202       0.098960      -0.226470       0.019426      -0.226426       0.000199
           3.38      -0.235982       0.073408      -0.236186       0.013081      -0.236155       0.000150
           3.39      -0.245761       0.040272      -0.245876       0.006457      -0.245860       0.000095
           3.40      -0.255541       0.000033      -0.255541       0.000033      -0.255541       0.000033
           3.41      -0.265065       0.049360      -0.265180       0.006038      -0.265196       0.000116
           3.42      -0.274589       0.085581      -0.274794       0.011267      -0.274824       0.000184
           3.43      -0.284114       0.109700      -0.284382       0.015460      -0.284425       0.000225
           3.44      -0.293638       0.122592      -0.293944       0.018374      -0.293998       0.000250
           3.45      -0.303162       0.124989      -0.303600       0.019349      -0.303541       0.000248
           3.46      -0.312686       0.117556      -0.313107       0.016798      -0.313054       0.000233
           3.47      -0.322211       0.100866      -0.322579       0.013230      -0.322535       0.000196
           3.48      -0.331735       0.075431      -0.332015       0.009034      -0.331985       0.000141
           3.49      -0.341259       0.041676      -0.341417       0.004529      -0.341401       0.000072
           3.50      -0.350783       0.000002      -0.350783       0.000002      -0.350783       0.000002
           3.51      -0.359957       0.048082      -0.360115       0.004288      -0.360130       0.000084
           3.52      -0.369131       0.083982      -0.369411       0.008089      -0.369440       0.000143
           3.53      -0.378304       0.108382      -0.378672       0.011212      -0.378714       0.000195
           3.54      -0.387478       0.121859      -0.387899       0.013451      -0.387950       0.000215
           3.55      -0.396652       0.124961      -0.397205       0.014202      -0.397147       0.000213
           3.56      -0.405826       0.118161      -0.406356       0.012431      -0.406305       0.000208
           3.57      -0.414999       0.101891      -0.415464       0.009872      -0.415422       0.000171
           3.58      -0.424173       0.076535      -0.424527       0.006792      -0.424497       0.000123
           3.59      -0.433347       0.042461      -0.433546       0.003432      -0.433531       0.000060
           3.60      -0.442520       0.000018      -0.442520       0.000018      -0.442520       0.000018
           3.61      -0.451252       0.047325      -0.451451       0.003255      -0.451465       0.000074
           3.62      -0.459984       0.083044      -0.460337       0.006202      -0.460365       0.000143
           3.63      -0.468715       0.107595      -0.469179       0.008646      -0.469219       0.000186
           3.64      -0.477447       0.121434      -0.477977       0.010436      -0.478026       0.000224
           3.65      -0.486178       0.124972      -0.486840       0.010960      -0.486785       0.000237
           3.66      -0.494910       0.118573      -0.495545       0.009628      -0.495496       0.000218
           3.67      -0.503641       0.102573      -0.504197       0.007673      -0.504158       0.000189
           3.68      -0.512373       0.077295      -0.512796       0.005294      -0.512769       0.000146
           3.69      -0.521104       0.043022      -0.521343       0.002677      -0.521328       0.000090
           3.70      -0.529836       0.000017      -0.529836       0.000006      -0.529836       0.000017
           3.71      -0.538038       0.046864      -0.538276       0.002605      -0.538290       0.000092
           3.72      -0.546240       0.082424      -0.546664       0.004960      -0.546690       0.000163
           3.73      -0.554443       0.107071      -0.554998       0.006931      -0.555036       0.000208
           3.74      -0.562645       0.121147      -0.563280       0.008387      -0.563326       0.000229
           3.75      -0.570847       0.124983      -0.571611       0.008730      -0.571560       0.000238
           3.76      -0.579049       0.118853      -0.579783       0.007699      -0.579737       0.000217
           3.77      -0.587251       0.103043      -0.587893       0.006157      -0.587856       0.000190
           3.78      -0.595454       0.077808      -0.595943       0.004269      -0.595916       0.000131
           3.79      -0.603656       0.043385      -0.603931       0.002164      -0.603917       0.000077
           3.80      -0.611858       0.000002      -0.611858       0.000008      -0.611858       0.000008
           3.81      -0.619449       0.046493      -0.619724       0.002097      -0.619736       0.000078
           3.82      -0.627039       0.081950      -0.627529       0.004010      -0.627553       0.000145
           3.83      -0.634630       0.106669      -0.635272       0.005625      -0.635307       0.000202
           3.84      -0.642221       0.120924      -0.642955       0.006832      -0.642997       0.000231
           3.85      -0.649812       0.124973      -0.650671       0.007039      -0.650624       0.000244
           3.86      -0.657403       0.119065      -0.658227       0.006214      -0.658185       0.000233
           3.87      -0.664994       0.103406      -0.665715       0.004982      -0.665681       0.000194
           3.88      -0.672584       0.078214      -0.673134       0.003456      -0.673110       0.000148
           3.89      -0.680175       0.043696      -0.680484       0.001756      -0.680472       0.000092
           3.90      -0.687766       0.000014      -0.687766       0.000014      -0.687766       0.000014
           3.91      -0.694670       0.046225      -0.694979       0.001731      -0.694990       0.000093
           3.92      -0.701573       0.081597      -0.702123       0.003304      -0.702145       0.000154
           3.93      -0.708477       0.106366      -0.709198       0.004634      -0.709230       0.000206
           3.94      -0.715381       0.120757      -0.716205       0.005633      -0.716244       0.000240
           3.95      -0.722284       0.124977      -0.723229       0.005723      -0.723186       0.000244
           3.96      -0.729188       0.119225      -0.730095       0.005061      -0.730057       0.000229
           3.97      -0.736091       0.103691      -0.736885       0.004063      -0.736854       0.000192
           3.98      -0.742995       0.078533      -0.743600       0.002829      -0.743578       0.000145
           3.99      -0.749899       0.043911      -0.750239       0.001438      -0.750228       0.000079
           4.00      -0.756802       0.000002      -0.756802       0.000002      -0.756802       0.000002
           4.01      -0.762950       0.045984      -0.763290       0.001403      -0.763300       0.000084
           4.02      -0.769097       0.081290      -0.769702       0.002692      -0.769722       0.000145
           4.03      -0.775245       0.106106      -0.776039       0.003796      -0.776067       0.000194
           4.04      -0.781392       0.120604      -0.782300       0.004623      -0.782334       0.000227
           4.05      -0.787540       0.124972      -0.788562       0.004643      -0.788523       0.000233
           4.06      -0.793687       0.119353      -0.794668       0.004111      -0.794634       0.000217
           4.07      -0.799835       0.103915      -0.800693       0.003306      -0.800665       0.000185
           4.08      -0.805982       0.078790      -0.806636       0.002302      -0.806617       0.000129
           4.09      -0.812130       0.044104      -0.812498       0.001174      -0.812487       0.000065
           4.10      -0.818277       0.000013      -0.818277       0.000006      -0.818277       0.000006
           4.11      -0.823607       0.045794      -0.823975       0.001133      -0.823984       0.000070
           4.12      -0.828937       0.081033      -0.829591       0.002196      -0.829608       0.000141
           4.13      -0.834267       0.105883      -0.835125       0.003089      -0.835149       0.000192
           4.14      -0.839597       0.120476      -0.840578       0.003764      -0.840608       0.000212
           4.15      -0.844926       0.124965      -0.846015       0.003715      -0.845982       0.000223
           4.16      -0.850256       0.119473      -0.851301       0.003290      -0.851272       0.000211
           4.17      -0.855586       0.104113      -0.856501       0.002649      -0.856476       0.000183
           4.18      -0.860916       0.079008      -0.861613       0.001849      -0.861596       0.000129
           4.19      -0.866246       0.044269      -0.866638       0.000946      -0.866629       0.000066
           4.20      -0.871576       0.000011      -0.871576       0.000011      -0.871576       0.000011
           4.21      -0.876035       0.045620      -0.876427       0.000912      -0.876434       0.000068
           4.22      -0.880494       0.080818      -0.881191       0.001754      -0.881205       0.000137
           4.23      -0.884953       0.105694      -0.885867       0.002477      -0.885888       0.000189
           4.24      -0.889412       0.120380      -0.890510       0.002981      -0.890482       0.000219
           4.25      -0.893871       0.124973      -0.895015       0.002875      -0.894987       0.000235
           4.26      -0.898330       0.119582      -0.899428       0.002549      -0.899403       0.000227
           4.27      -0.902789       0.104309      -0.903750       0.002048      -0.903730       0.000194
           4.28      -0.907248       0.079231      -0.907980       0.001422      -0.907966       0.000147
           4.29      -0.911707       0.044443      -0.912119       0.000719      -0.912111       0.000078
           4.30      -0.916166       0.000009      -0.916166       0.000009      -0.916166       0.000009
           4.31      -0.919709       0.045492      -0.920121       0.000723      -0.920127       0.000088
           4.32      -0.923253       0.080629      -0.923985       0.001382      -0.923997       0.000150
           4.33      -0.926797       0.105532      -0.927758       0.001938      -0.927774       0.000197
           4.34      -0.930340       0.120286      -0.931481       0.002198      -0.931459       0.000233
           4.35      -0.933884       0.124975      -0.935072       0.002125      -0.935050       0.000240
           4.36      -0.937428       0.119679      -0.938569       0.001886      -0.938549       0.000222
           4.37      -0.940971       0.104470      -0.941970       0.001514      -0.941953       0.000195
           4.38      -0.944515       0.079414      -0.945275       0.001058      -0.945264       0.000140
           4.39      -0.948058       0.044573      -0.948486       0.000541      -0.948480       0.000081
           4.40      -0.951602       0.000001      -0.951602       0.000001      -0.951602       0.000001
           4.41      -0.954195       0.045342      -0.954623       0.000530      -0.954627       0.000081
           4.42      -0.956788       0.080448      -0.957548       0.001009      -0.957557       0.000144
           4.43      -0.959380       0.105376      -0.960406       0.001403      -0.960391       0.000192
           4.44      -0.961973       0.120198      -0.963145       0.001496      -0.963129       0.000225
           4.45      -0.964566       0.124976      -0.965787       0.001445      -0.965771       0.000234
           4.46      -0.967159       0.119769      -0.968331       0.001273      -0.968316       0.000223
           4.47      -0.969752       0.104625      -0.970777       0.001019      -0.970765       0.000196
           4.48      -0.972345       0.079584      -0.973126       0.000710      -0.973118       0.000141
           4.49      -0.974937       0.044699      -0.975377       0.000363      -0.975373       0.000077
           4.50      -0.977530       0.000002      -0.977530       0.000002      -0.977530       0.000004
           4.51      -0.979146       0.045220      -0.979586       0.000351      -0.979588       0.000078
           4.52      -0.980762       0.080275      -0.981557       0.000654      -0.981549       0.000142
           4.53      -0.982378       0.105220      -0.983421       0.000787      -0.983411       0.000189
           4.54      -0.983994       0.120115      -0.985186       0.000828      -0.985176       0.000225
           4.55      -0.985611       0.124974      -0.986852       0.000795      -0.986842       0.000232
           4.56      -0.987227       0.119846      -0.988418       0.000694      -0.988409       0.000222
           4.57      -0.988843       0.104767      -0.989885       0.000553      -0.989878       0.000193
           4.58      -0.990459       0.079749      -0.991253       0.000381      -0.991248       0.000142
           4.59      -0.992075       0.044825      -0.992522       0.000191      -0.992519       0.000079
           4.60      -0.993691       0.000003      -0.993691       0.000003      -0.993691       0.000003
           4.61      -0.994314       0.045093      -0.994764       0.000104      -0.994762       0.000076
           4.62      -0.994937       0.080110      -0.995737       0.000156      -0.995734       0.000137
           4.63      -0.995561       0.105080      -0.996610       0.000175      -0.996606       0.000195
           4.64      -0.996184       0.120027      -0.997383       0.000177      -0.997379       0.000218
           4.65      -0.996807       0.124977      -0.998056       0.000150      -0.998052       0.000232
           4.66      -0.997430       0.119933      -0.998629       0.000127      -0.998626       0.000225
           4.67      -0.998054       0.104905      -0.999103       0.000088      -0.999100       0.000199
           4.68      -0.998677       0.079910      -0.999476       0.000056      -0.999474       0.000141
           4.69      -0.999300       0.044949      -0.999750       0.000023      -0.999749       0.000079
           4.70      -0.999923       0.000003      -0.999923       0.000003      -0.999923       0.000003
           4.71      -0.999547       0.044979      -0.999997       0.000019      -0.999996       0.000078
           4.72      -0.999172       0.079951      -0.999971       0.000024      -0.999970       0.000144
           4.73      -0.998796       0.104947      -0.999845       0.000026      -0.999843       0.000193
           4.74      -0.998420       0.119954      -0.999619       0.000013      -0.999617       0.000228
           4.75      -0.998044       0.124972      -0.999293       0.000000      -0.999290       0.000233
           4.76      -0.997668       0.120009      -0.998867       0.000016      -0.998865       0.000222
           4.77      -0.997292       0.105053      -0.998341       0.000031      -0.998339       0.000195
           4.78      -0.996916       0.080079      -0.997716       0.000040      -0.997714       0.000145
           4.79      -0.996540       0.045065      -0.996990       0.000030      -0.996989       0.000077
           4.80      -0.996165       0.000000      -0.996165       0.000000      -0.996165       0.000006
           4.81      -0.994793       0.044849      -0.995241       0.000158      -0.995239       0.000076
           4.82      -0.993422       0.079787      -0.994219       0.000302      -0.994214       0.000142
           4.83      -0.992051       0.104798      -0.993096       0.000440      -0.993090       0.000190
           4.84      -0.990680       0.119865      -0.991874       0.000555      -0.991867       0.000220
           4.85      -0.989309       0.124971      -0.990553       0.000629      -0.990544       0.000231
           4.86      -0.987938       0.120082      -0.989132       0.000667      -0.989123       0.000219
           4.87      -0.986566       0.105188      -0.987611       0.000634      -0.987603       0.000186
           4.88      -0.985195       0.080235      -0.985991       0.000529      -0.985985       0.000142
           4.89      -0.983824       0.045187      -0.984266       0.000308      -0.984268       0.000072
           4.90      -0.982453       0.000000      -0.982453       0.000006      -0.982453       0.000006
           4.91      -0.980100       0.044732      -0.980542       0.000323      -0.980538       0.000072
           4.92      -0.977747       0.079628      -0.978532       0.000624      -0.978525       0.000137
           4.93      -0.975394       0.104652      -0.976425       0.000906      -0.976414       0.000187
           4.94      -0.973041       0.119781      -0.974219       0.001128      -0.974206       0.000218
           4.95      -0.970689       0.124968      -0.971916       0.001281      -0.971901       0.000234
           4.96      -0.968336       0.120174      -0.969514       0.001334      -0.969499       0.000221
           4.97      -0.965983       0.105331      -0.967014       0.001255      -0.967000       0.000187
           4.98      -0.963630       0.080398      -0.964396       0.000924      -0.964404       0.000145
           4.99      -0.961277       0.045309      -0.961708       0.000480      -0.961712       0.000078
           5.00      -0.958924       0.000001      -0.958924       0.000001      -0.958924       0.000001
           5.01      -0.955613       0.044601      -0.956045       0.000499      -0.956039       0.000074
           5.02      -0.952302       0.079456      -0.953069       0.000971      -0.953058       0.000142
           5.03      -0.948991       0.104502      -0.949997       0.001395      -0.949982       0.000192
           5.04      -0.945680       0.119703      -0.946830       0.001733      -0.946812       0.000225
           5.05      -0.942370       0.124973      -0.943567       0.001956      -0.943546       0.000236
           5.06      -0.939059       0.120263      -0.940208       0.002029      -0.940187       0.000228
           5.07      -0.935748       0.105494      -0.936719       0.001802      -0.936734       0.000192
           5.08      -0.932437       0.080586      -0.933177       0.001283      -0.933187       0.000146
           5.09      -0.929126       0.045456      -0.929542       0.000666      -0.929547       0.000083
           5.10      -0.925815       0.000003      -0.925815       0.000003      -0.925815       0.000003
           5.11      -0.921579       0.044476      -0.921995       0.000674      -0.921988       0.000083
           5.12      -0.917343       0.079280      -0.918083       0.001329      -0.918069       0.000151
           5.13      -0.913107       0.104350      -0.914078       0.001907      -0.914059       0.000199
           5.14      -0.908871       0.119609      -0.909981       0.002376      -0.909957       0.000224
           5.15      -0.904635       0.124980      -0.905791       0.002683      -0.905764       0.000245
           5.16      -0.900399       0.120360      -0.901509       0.002772      -0.901482       0.000236
           5.17      -0.896163       0.105665      -0.897089       0.002350      -0.897109       0.000204
           5.18      -0.891927       0.080779      -0.892633       0.001674      -0.892646       0.000151
           5.19      -0.887691       0.045598      -0.888088       0.000872      -0.888095       0.000087
           5.20      -0.883455       0.000009      -0.883455       0.000002      -0.883455       0.000009
           5.21      -0.878336       0.044324      -0.878733       0.000878      -0.878725       0.000078
           5.22      -0.873217       0.079080      -0.873923       0.001729      -0.873907       0.000146
           5.23      -0.868098       0.104175      -0.869025       0.002481      -0.869002       0.000194
           5.24      -0.862980       0.119505      -0.864039       0.003090      -0.864010       0.000221
           5.25      -0.857861       0.124973      -0.858965       0.003488      -0.858933       0.000231
           5.26      -0.852742       0.120453      -0.853740       0.003565      -0.853769       0.000220
           5.27      -0.847624       0.105835      -0.848497       0.002925      -0.848520       0.000186
           5.28      -0.842505       0.080973      -0.843170       0.002076      -0.843187       0.000132
           5.29      -0.837386       0.045743      -0.837761       0.001070      -0.837769       0.000067
           5.30      -0.832268       0.000018      -0.832268       0.000018      -0.832268       0.000018
           5.31      -0.826317       0.044143      -0.826692       0.001129      -0.826682       0.000060
           5.32      -0.820367       0.078837      -0.821032       0.002198      -0.821013       0.000125
           5.33      -0.814417       0.103955      -0.815290       0.003145      -0.815263       0.000181
           5.34      -0.808466       0.119385      -0.809464       0.003907      -0.809431       0.000210
           5.35      -0.802516       0.124964      -0.803556       0.004405      -0.803518       0.000224
           5.36      -0.796566       0.120564      -0.797492       0.004386      -0.797526       0.000208
           5.37      -0.790615       0.106040      -0.791426       0.003603      -0.791453       0.000184
           5.38      -0.784665       0.081215      -0.785283       0.002560      -0.785302       0.000131
           5.39      -0.778715       0.045931      -0.779062       0.001328      -0.779072       0.000073
           5.40      -0.772765       0.000009      -0.772765       0.000009      -0.772765       0.000009
           5.41      -0.766042       0.043962      -0.766390       0.001380      -0.766379       0.000066
           5.42      -0.759320       0.078589      -0.759937       0.002694      -0.759916       0.000137
           5.43      -0.752597       0.103742      -0.753408       0.003872      -0.753377       0.000187
           5.44      -0.745875       0.119253      -0.746801       0.004815      -0.746764       0.000213
           5.45      -0.739153       0.124964      -0.740118       0.005444      -0.740076       0.000234
           5.46      -0.732430       0.120716      -0.733276       0.005354      -0.733314       0.000225
           5.47      -0.725708       0.106291      -0.726448       0.004406      -0.726478       0.000197
           5.48      -0.718985       0.081504      -0.719549       0.003136      -0.719571       0.000145
           5.49      -0.712263       0.046154      -0.712580       0.001638      -0.712591       0.000082
           5.50      -0.705540       0.000005      -0.705540       0.000005      -0.705540       0.000003
           5.51      -0.698113       0.043744      -0.698430       0.001675      -0.698418       0.000083
           5.52      -0.690686       0.078298      -0.691250       0.003293      -0.691226       0.000147
           5.53      -0.683258       0.103483      -0.683998       0.004743      -0.683965       0.000198
           5.54      -0.675831       0.119105      -0.676677       0.005911      -0.676635       0.000228
           5.55      -0.668404       0.124982      -0.669285       0.006689      -0.669238       0.000240
           5.56      -0.660976       0.120881      -0.661733       0.006513      -0.661775       0.000235
           5.57      -0.653549       0.106592      -0.654211       0.005366      -0.654245       0.000201
           5.58      -0.646121       0.081863      -0.646626       0.003828      -0.646650       0.000150
           5.59      -0.638694       0.046422      -0.638978       0.002003      -0.638990       0.000091
           5.60      -0.631267       0.000010      -0.631267       0.000010      -0.631267       0.000010
           5.61      -0.623209       0.043482      -0.623492       0.002042      -0.623479       0.000089
           5.62      -0.615150       0.077936      -0.615655       0.004031      -0.615629       0.000151
           5.63      -0.607092       0.103150      -0.607755       0.005826      -0.607718       0.000206
           5.64      -0.599034       0.118920      -0.599791       0.007276      -0.599746       0.000237
           5.65      -0.590976       0.124993      -0.591764       0.008245      -0.591714       0.000257
           5.66      -0.582918       0.121108      -0.583578       0.007981      -0.583623       0.000260
           5.67      -0.574860       0.106984      -0.575438       0.006589      -0.575474       0.000219
           5.68      -0.566802       0.082319      -0.567242       0.004723      -0.567268       0.000173
           5.69      -0.558744       0.046777      -0.558991       0.002496      -0.559004       0.000107
           5.70      -0.550685       0.000030      -0.550685       0.000030      -0.550685       0.000030
           5.71      -0.542077       0.043146      -0.542325       0.002510      -0.542311       0.000106
           5.72      -0.533469       0.077454      -0.533909       0.004995      -0.533881       0.000163
           5.73      -0.524861       0.102713      -0.525438       0.007239      -0.525399       0.000203
           5.74      -0.516252       0.118661      -0.516912       0.009079      -0.516864       0.000227
           5.75      -0.507644       0.124977      -0.508332       0.010327      -0.508278       0.000239
           5.76      -0.499036       0.121357      -0.499593       0.009852      -0.499641       0.000225
           5.77      -0.490427       0.107438      -0.490915       0.008147      -0.490954       0.000182
           5.78      -0.481819       0.082853      -0.482190       0.005835      -0.482218       0.000130
           5.79      -0.473211       0.047181      -0.473420       0.003053      -0.473434       0.000051
           5.80      -0.464602       0.000036      -0.464602       0.000036      -0.464602       0.000036
           5.81      -0.455530       0.042591      -0.455739       0.003244      -0.455724       0.000039
           5.82      -0.446457       0.076728      -0.446829       0.006395      -0.446800       0.000101
           5.83      -0.437385       0.102057      -0.437872       0.009275      -0.437831       0.000152
           5.84      -0.428312       0.118261      -0.428869       0.011659      -0.428819       0.000183
           5.85      -0.419240       0.124945      -0.419820       0.013301      -0.419763       0.000202
           5.86      -0.410167       0.121716      -0.410615       0.012563      -0.410666       0.000190
           5.87      -0.401095       0.108133      -0.401487       0.010449      -0.401528       0.000170
           5.88      -0.392022       0.083693      -0.392321       0.007522      -0.392350       0.000124
           5.89      -0.382949       0.047848      -0.383118       0.003961      -0.383132       0.000056
           5.90      -0.373877       0.000028      -0.373877       0.000020      -0.373877       0.000028
           5.91      -0.364431       0.041888      -0.364599       0.004215      -0.364583       0.000052
           5.92      -0.354985       0.075735      -0.355283       0.008390      -0.355253       0.000116
           5.93      -0.345538       0.101157      -0.345931       0.012241      -0.345888       0.000167
           5.94      -0.336092       0.117719      -0.336541       0.015506      -0.336488       0.000206
           5.95      -0.326646       0.124958      -0.327113       0.017814      -0.327054       0.000219
           5.96      -0.317200       0.122352      -0.317535       0.016867      -0.317588       0.000220
           5.97      -0.307754       0.109281      -0.308047       0.014135      -0.308090       0.000196
           5.98      -0.298308       0.085079      -0.298531       0.010264      -0.298561       0.000152
           5.99      -0.288862       0.048946      -0.288987       0.005470      -0.289003       0.000087
           6.00      -0.279416       0.000010      -0.279416       0.000001      -0.279416       0.000001
           6.01      -0.269690       0.040692      -0.269816       0.005867      -0.269800       0.000076
           6.02      -0.259965       0.074042      -0.260188       0.011816      -0.260157       0.000143
           6.03      -0.250240       0.099574      -0.250533       0.017452      -0.250489       0.000193
           6.04      -0.240514       0.116766      -0.240849       0.022360      -0.240795       0.000234
           6.05      -0.230789       0.124994      -0.231138       0.026025      -0.231077       0.000259
           6.06      -0.221064       0.123518      -0.221282       0.024842      -0.221337       0.000262
           6.07      -0.211338       0.111465      -0.211530       0.021139      -0.211574       0.000242
           6.08      -0.201613       0.087764      -0.201759       0.015603      -0.201790       0.000199
           6.09      -0.191888       0.051143      -0.191970       0.008485      -0.191986       0.000134
           6.10      -0.182163       0.000051      -0.182163       0.000051      -0.182163       0.000051
           6.11      -0.172255       0.038176      -0.172337       0.009358      -0.172321       0.000128
           6.12      -0.162348       0.070321      -0.162493       0.019308      -0.162462       0.000201
           6.13      -0.152441       0.095974      -0.152632       0.029271      -0.152587       0.000261
           6.14      -0.142533       0.114519      -0.142752       0.038548      -0.142696       0.000319
           6.15      -0.132626       0.125072      -0.132853       0.046246      -0.132792       0.000368
           6.16      -0.122719       0.126552      -0.122818       0.045524      -0.122874       0.000387
           6.17      -0.112811       0.117420      -0.112898       0.040285      -0.112943       0.000388
           6.18      -0.102904       0.095575      -0.102970       0.031132      -0.103002       0.000361
           6.19      -0.092997       0.058000      -0.093034       0.017877      -0.093050       0.000317
           6.20      -0.083089       0.000228      -0.083089       0.000228      -0.083089       0.000228
           6.21      -0.073099       0.028826      -0.073136       0.022244      -0.073120       0.000265
           6.22      -0.063109       0.054869      -0.063175       0.050252      -0.063143       0.000273
           6.23      -0.053118       0.078820      -0.053206       0.085061      -0.053160       0.000292
           6.24      -0.043128       0.101546      -0.043228       0.129080      -0.043172       0.000277
           6.25      -0.033138       0.124972      -0.033242       0.187620      -0.033179       0.000231
           6.26      -0.023148       0.154292      -0.023127       0.241016      -0.023183       0.000112
           6.27      -0.013157       0.210527      -0.013140       0.343942      -0.013185       0.000212
           6.28      -0.003167       0.578483      -0.003154       0.999226      -0.003186       0.002588
           6.29       0.006823       0.128808       0.006831       0.239440       0.006814       0.002038
           6.30       0.016814       0.001135       0.016814       0.001135       0.016814       0.001135
           6.31       0.026787       0.090368       0.026795       0.062252       0.026811       0.000901
           6.32       0.036761       0.123853       0.036774       0.087447       0.036806       0.000767
           6.33       0.046734       0.135190       0.046752       0.097601       0.046797       0.000667
           6.34       0.056708       0.134302       0.056728       0.098902       0.056784       0.000580
           6.35       0.066681       0.125192       0.066827       0.092830       0.066765       0.000496
           6.36       0.076655       0.109756       0.076795       0.072336       0.076739       0.000414
           6.37       0.086628       0.089038       0.086751       0.051990       0.086705       0.000324
           6.38       0.096602       0.063621       0.096695       0.032764       0.096663       0.000248
           6.39       0.106575       0.033882       0.106628       0.015268       0.106611       0.000162
           6.40       0.116549       0.000086       0.116549       0.000086       0.116549       0.000086
           6.41       0.126406       0.054452       0.126458       0.013015       0.126475       0.000172
           6.42       0.136263       0.091641       0.136356       0.023335       0.136388       0.000227
           6.43       0.146120       0.114480       0.146243       0.030902       0.146287       0.000262
           6.44       0.155977       0.125069       0.156117       0.035589       0.156172       0.000276
           6.45       0.165834       0.125004       0.166103       0.036812       0.166042       0.000261
           6.46       0.175692       0.115518       0.175949       0.031117       0.175894       0.000236
           6.47       0.185549       0.097579       0.185774       0.023930       0.185729       0.000195
           6.48       0.195406       0.071954       0.195578       0.015984       0.195546       0.000133
           6.49       0.205263       0.039260       0.205360       0.007843       0.205343       0.000074
           6.50       0.215120       0.000000       0.215120       0.000000       0.215120       0.000000
           6.51       0.224762       0.050169       0.224859       0.007151       0.224875       0.000087
           6.52       0.234404       0.086585       0.234576       0.013295       0.234607       0.000153
           6.53       0.244046       0.110515       0.244272       0.018137       0.244316       0.000194
           6.54       0.253688       0.123003       0.253946       0.021453       0.254000       0.000216
           6.55       0.263331       0.124965       0.263720       0.022611       0.263659       0.000222
           6.56       0.272973       0.117143       0.273346       0.019539       0.273292       0.000199
           6.57       0.282615       0.100203       0.282942       0.015331       0.282898       0.000166
           6.58       0.292257       0.074711       0.292506       0.010423       0.292475       0.000113
           6.59       0.301899       0.041167       0.302039       0.005220       0.302023       0.000049
           6.60       0.311541       0.000024       0.311541       0.000024       0.311541       0.000024
           6.61       0.320872       0.048484       0.321012       0.004852       0.321028       0.000053
           6.62       0.330203       0.084503       0.330452       0.009150       0.330482       0.000123
           6.63       0.339534       0.108807       0.339861       0.012650       0.339903       0.000164
           6.64       0.348865       0.122090       0.349238       0.015147       0.349291       0.000182
           6.65       0.358196       0.124935       0.358701       0.016064       0.358643       0.000198
           6.66       0.367527       0.117918       0.368012       0.014020       0.367960       0.000178
           6.67       0.376857       0.101496       0.377282       0.011104       0.377240       0.000138
           6.68       0.386188       0.076110       0.386512       0.007633       0.386482       0.000094
           6.69       0.395519       0.042148       0.395701       0.003856       0.395686       0.000030
           6.70       0.404850       0.000043       0.404850       0.000043       0.404850       0.000043
           6.71       0.413776       0.047579       0.413958       0.003599       0.413973       0.000050
           6.72       0.422703       0.083370       0.423026       0.006866       0.423055       0.000124
           6.73       0.431629       0.107871       0.432054       0.009565       0.432094       0.000178
           6.74       0.440555       0.121591       0.441041       0.011528       0.441091       0.000217
           6.75       0.449482       0.124968       0.450099       0.012136       0.450043       0.000235
           6.76       0.458408       0.118427       0.459000       0.010646       0.458950       0.000231
           6.77       0.467334       0.102336       0.467853       0.008468       0.467812       0.000203
           6.78       0.476260       0.077036       0.476655       0.005826       0.476627       0.000158
           6.79       0.485187       0.042841       0.485409       0.002932       0.485394       0.000102
           6.80       0.494113       0.000037       0.494113       0.000031       0.494113       0.000031
           6.81       0.502546       0.047056       0.502768       0.002884       0.502782       0.000110
           6.82       0.510978       0.082688       0.511373       0.005461       0.511400       0.000182
           6.83       0.519411       0.107293       0.519929       0.007610       0.519968       0.000228
           6.84       0.527844       0.121274       0.528436       0.009189       0.528483       0.000257
           6.85       0.536276       0.124994       0.536999       0.009557       0.536946       0.000256
           6.86       0.544709       0.118765       0.545403       0.008410       0.545355       0.000246
           6.87       0.553142       0.102888       0.553748       0.006717       0.553710       0.000204
           6.88       0.561574       0.077628       0.562037       0.004640       0.562010       0.000154
           6.89       0.570007       0.043253       0.570267       0.002350       0.570253       0.000096
           6.90       0.578440       0.000011       0.578440       0.000011       0.578440       0.000011
           6.91       0.586294       0.046637       0.586554       0.002302       0.586567       0.000087
           6.92       0.594149       0.082133       0.594611       0.004379       0.594636       0.000159
           6.93       0.602004       0.106823       0.602611       0.006129       0.602646       0.000204
           6.94       0.609858       0.121019       0.610552       0.007432       0.610596       0.000228
           6.95       0.617713       0.124981       0.618534       0.007694       0.618485       0.000237
           6.96       0.625568       0.118981       0.626355       0.006793       0.626312       0.000221
           6.97       0.633422       0.103263       0.634112       0.005432       0.634076       0.000199
           6.98       0.641277       0.078063       0.641802       0.003769       0.641777       0.000141
           6.99       0.649132       0.043574       0.649427       0.001913       0.649414       0.000078
           7.00       0.656986       0.000003       0.656986       0.000003       0.656986       0.000003
           7.01       0.664185       0.046321       0.664480       0.001866       0.664492       0.000081
           7.02       0.671383       0.081732       0.671908       0.003573       0.671931       0.000149
           7.03       0.678581       0.106479       0.679271       0.005012       0.679303       0.000195
           7.04       0.685780       0.120814       0.686567       0.006086       0.686607       0.000226
           7.05       0.692978       0.124965       0.693888       0.006246       0.693843       0.000231
           7.06       0.700176       0.119154       0.701050       0.005530       0.701010       0.000218
           7.07       0.707374       0.103563       0.708139       0.004441       0.708106       0.000188
           7.08       0.714572       0.078397       0.715155       0.003083       0.715132       0.000134
           7.09       0.721771       0.043815       0.722099       0.001577       0.722087       0.000066
           7.10       0.728969       0.000004       0.728969       0.000012       0.728969       0.000012
           7.11       0.735439       0.046069       0.735767       0.001523       0.735777       0.000073
           7.12       0.741909       0.081398       0.742491       0.002922       0.742512       0.000137
           7.13       0.748379       0.106200       0.749143       0.004108       0.749173       0.000186
           7.14       0.754849       0.120657       0.755723       0.005006       0.755759       0.000211
           7.15       0.761318       0.124963       0.762310       0.005080       0.762269       0.000221
           7.16       0.767788       0.119293       0.768740       0.004498       0.768704       0.000209
           7.17       0.774258       0.103818       0.775091       0.003615       0.775061       0.000176
           7.18       0.780728       0.078676       0.781363       0.002521       0.781342       0.000126
           7.19       0.787198       0.044020       0.787555       0.001292       0.787544       0.000063
           7.20       0.793668       0.000009       0.793668       0.000017       0.793668       0.000017
           7.21       0.799345       0.045865       0.799702       0.001235       0.799711       0.000065
           7.22       0.805022       0.081135       0.805656       0.002390       0.805674       0.000141
           7.23       0.810698       0.105970       0.811531       0.003368       0.811557       0.000188
           7.24       0.816375       0.120532       0.817327       0.004103       0.817359       0.000216
           7.25       0.822052       0.124979       0.823114       0.004074       0.823079       0.000234
           7.26       0.827729       0.119431       0.828749       0.003609       0.828717       0.000224
           7.27       0.833406       0.104050       0.834298       0.002896       0.834272       0.000198
           7.28       0.839083       0.078940       0.839763       0.002012       0.839744       0.000153
           7.29       0.844760       0.044224       0.845142       0.001019       0.845133       0.000081
           7.30       0.850436       0.000011       0.850436       0.000011       0.850436       0.000011
           7.31       0.855264       0.045710       0.855646       0.001024       0.855654       0.000090
           7.32       0.860091       0.080924       0.860771       0.001951       0.860786       0.000157
           7.33       0.864918       0.105783       0.865810       0.002742       0.865832       0.000209
           7.34       0.869745       0.120431       0.870823       0.003310       0.870792       0.000235
           7.35       0.874572       0.124982       0.875695       0.003203       0.875665       0.000241
           7.36       0.879399       0.119550       0.880477       0.002834       0.880450       0.000226
           7.37       0.884227       0.104235       0.885169       0.002281       0.885147       0.000197
           7.38       0.889054       0.079149       0.889772       0.001587       0.889757       0.000148
           7.39       0.893881       0.044377       0.894285       0.000813       0.894277       0.000081
           7.40       0.898708       0.000005       0.898708       0.000005       0.898708       0.000005
           7.41       0.902637       0.045547       0.903041       0.000797       0.903048       0.000084
           7.42       0.906566       0.080710       0.907285       0.001535       0.907297       0.000149
           7.43       0.910496       0.105602       0.911438       0.002154       0.911456       0.000192
           7.44       0.914425       0.120331       0.915549       0.002520       0.915524       0.000227
           7.45       0.918354       0.124974       0.919526       0.002434       0.919501       0.000236
           7.46       0.922283       0.119639       0.923408       0.002154       0.923386       0.000222
           7.47       0.926212       0.104407       0.927196       0.001729       0.927179       0.000193
           7.48       0.930142       0.079342       0.930891       0.001202       0.930879       0.000143
           7.49       0.934071       0.044519       0.934492       0.000614       0.934486       0.000075
           7.50       0.938000       0.000002       0.938000       0.000002       0.938000       0.000002
           7.51       0.940992       0.045404       0.941414       0.000610       0.941419       0.000084
           7.52       0.943984       0.080522       0.944734       0.001160       0.944743       0.000151
           7.53       0.946976       0.105439       0.947960       0.001631       0.947974       0.000191
           7.54       0.949968       0.120226       0.951128       0.001783       0.951109       0.000229
           7.55       0.952960       0.124974       0.954169       0.001718       0.954150       0.000237
           7.56       0.955952       0.119730       0.957112       0.001522       0.957096       0.000228
           7.57       0.958944       0.104559       0.959959       0.001220       0.959946       0.000189
           7.58       0.961936       0.079515       0.962709       0.000855       0.962700       0.000142
           7.59       0.964928       0.044647       0.965363       0.000431       0.965358       0.000075
           7.60       0.967920       0.000005       0.967920       0.000001       0.967920       0.000001
           7.61       0.969945       0.045267       0.970380       0.000427       0.970383       0.000077
           7.62       0.971969       0.080351       0.972743       0.000805       0.972750       0.000143
           7.63       0.973994       0.105288       0.975031       0.001045       0.975019       0.000190
           7.64       0.976019       0.120144       0.977204       0.001104       0.977191       0.000220
           7.65       0.978044       0.124975       0.979278       0.001061       0.979266       0.000229
           7.66       0.980069       0.119813       0.981254       0.000934       0.981242       0.000226
           7.67       0.982094       0.104708       0.983130       0.000748       0.983121       0.000191
           7.68       0.984119       0.079676       0.984908       0.000517       0.984902       0.000142
           7.69       0.986143       0.044768       0.986588       0.000265       0.986584       0.000079
           7.70       0.988168       0.000003       0.988168       0.000003       0.988168       0.000009
           7.71       0.989206       0.045141       0.989655       0.000223       0.989652       0.000079
           7.72       0.990243       0.080179       0.991041       0.000359       0.991036       0.000146
           7.73       0.991281       0.105137       0.992328       0.000428       0.992322       0.000191
           7.74       0.992318       0.120068       0.993515       0.000441       0.993509       0.000225
           7.75       0.993356       0.124976       0.994603       0.000418       0.994596       0.000235
           7.76       0.994393       0.119896       0.995591       0.000356       0.995585       0.000225
           7.77       0.995431       0.104853       0.996478       0.000273       0.996474       0.000194
           7.78       0.996468       0.079853       0.997266       0.000182       0.997263       0.000147
           7.79       0.997506       0.044900       0.997955       0.000092       0.997953       0.000081
           7.80       0.998543       0.000002       0.998543       0.000002       0.998543       0.000007
           7.81       0.998583       0.045031       0.999032       0.000070       0.999032       0.000082
           7.82       0.998623       0.080024       0.999421       0.000126       0.999421       0.000144
           7.83       0.998663       0.105004       0.999711       0.000171       0.999710       0.000201
           7.84       0.998703       0.119985       0.999900       0.000198       0.999900       0.000227
           7.85       0.998742       0.124974       0.999990       0.000215       0.999990       0.000232
           7.86       0.998782       0.119981       0.999980       0.000198       0.999980       0.000222
           7.87       0.998822       0.104987       0.999870       0.000171       0.999870       0.000195
           7.88       0.998862       0.080003       0.999660       0.000129       0.999660       0.000141
           7.89       0.998902       0.045016       0.999351       0.000069       0.999351       0.000075
           7.90       0.998941       0.000001       0.998941       0.000001       0.998941       0.000001
           7.91       0.997983       0.044900       0.998432       0.000083       0.998431       0.000078
           7.92       0.997025       0.079855       0.997823       0.000165       0.997820       0.000139
           7.93       0.996066       0.104864       0.997114       0.000248       0.997110       0.000188
           7.94       0.995108       0.119902       0.996306       0.000318       0.996301       0.000220
           7.95       0.994150       0.124974       0.995397       0.000367       0.995391       0.000231
           7.96       0.993192       0.120053       0.994389       0.000393       0.994383       0.000225
           7.97       0.992233       0.105134       0.993281       0.000378       0.993276       0.000192
           7.98       0.991275       0.080173       0.992073       0.000317       0.992069       0.000145
           7.99       0.990317       0.045138       0.990766       0.000199       0.990763       0.000077
           8.00       0.989358       0.000002       0.989358       0.000002       0.989358       0.000004
           8.01       0.987411       0.044783       0.987856       0.000247       0.987853       0.000079
           8.02       0.985465       0.079693       0.986255       0.000493       0.986249       0.000141
           8.03       0.983518       0.104716       0.984556       0.000708       0.984547       0.000188
           8.04       0.981571       0.119816       0.982757       0.000886       0.982746       0.000218
           8.05       0.979624       0.124971       0.980860       0.001008       0.980848       0.000225
           8.06       0.977677       0.120132       0.978863       0.001050       0.978851       0.000223
           8.07       0.975730       0.105270       0.976768       0.001001       0.976757       0.000183
           8.08       0.973784       0.080325       0.974559       0.000774       0.974565       0.000132
           8.09       0.971837       0.045256       0.972273       0.000399       0.972276       0.000068
           8.10       0.969890       0.000003       0.969890       0.000009       0.969890       0.000015
           8.11       0.966974       0.044649       0.967410       0.000433       0.967405       0.000072
           8.12       0.964058       0.079519       0.964833       0.000829       0.964824       0.000135
           8.13       0.961142       0.104560       0.962160       0.001194       0.962146       0.000182
           8.14       0.958226       0.119732       0.959389       0.001488       0.959373       0.000221
           8.15       0.955310       0.124968       0.956522       0.001675       0.956503       0.000232
           8.16       0.952394       0.120225       0.953557       0.001736       0.953539       0.000220
           8.17       0.949478       0.105425       0.950465       0.001589       0.950479       0.000197
           8.18       0.946562       0.080505       0.947314       0.001133       0.947324       0.000151
           8.19       0.943646       0.045396       0.944070       0.000589       0.944074       0.000084
           8.20       0.940731       0.000004       0.940731       0.000004       0.940731       0.000004
           8.21       0.936875       0.044532       0.937298       0.000599       0.937291       0.000081
           8.22       0.933019       0.079353       0.933771       0.001172       0.933758       0.000143
           8.23       0.929163       0.104411       0.930150       0.001689       0.930132       0.000195
           8.24       0.925307       0.119651       0.926435       0.002098       0.926413       0.000225
           8.25       0.921451       0.124973       0.922626       0.002376       0.922602       0.000227
           8.26       0.917595       0.120316       0.918723       0.002462       0.918699       0.000218
           8.27       0.913740       0.105581       0.914686       0.002103       0.914704       0.000180
           8.28       0.909884       0.080688       0.910605       0.001487       0.910617       0.000139
           8.29       0.906028       0.045529       0.906434       0.000769       0.906440       0.000072
           8.30       0.902172       0.000014       0.902172       0.000014       0.902172       0.000007
           8.31       0.897415       0.044376       0.897820       0.000801       0.897812       0.000069
           8.32       0.892657       0.079152       0.893379       0.001571       0.893363       0.000137
           8.33       0.887900       0.104243       0.888847       0.002248       0.888825       0.000187
           8.34       0.883143       0.119546       0.884224       0.002791       0.884198       0.000229
           8.35       0.878385       0.124977       0.879512       0.003147       0.879482       0.000242
           8.36       0.873628       0.120424       0.874710       0.003244       0.874679       0.000238
           8.37       0.868871       0.105777       0.869767       0.002704       0.869789       0.000217
           8.38       0.864113       0.080909       0.864797       0.001924       0.864812       0.000166
           8.39       0.859356       0.045706       0.859740       0.001017       0.859748       0.000102
           8.40       0.854599       0.000027       0.854599       0.000027       0.854599       0.000027
           8.41       0.848988       0.044248       0.849372       0.000987       0.849363       0.000101
           8.42       0.843376       0.078978       0.844060       0.001958       0.844042       0.000168
           8.43       0.837765       0.104080       0.838662       0.002828       0.838636       0.000214
           8.44       0.832154       0.119456       0.833179       0.003523       0.833147       0.000240
           8.45       0.826543       0.124990       0.827610       0.003982       0.827575       0.000253
           8.46       0.820932       0.120535       0.821889       0.004056       0.821921       0.000241
           8.47       0.815321       0.105968       0.816158       0.003327       0.816184       0.000208
           8.48       0.809710       0.081124       0.810348       0.002364       0.810366       0.000150
           8.49       0.804098       0.045861       0.804457       0.001228       0.804467       0.000080
           8.50       0.798487       0.000004       0.798487       0.000004       0.798487       0.000004
           8.51       0.792078       0.044044       0.792437       0.001260       0.792427       0.000072
           8.52       0.785669       0.078702       0.786308       0.002478       0.786287       0.000130
           8.53       0.779260       0.103829       0.780098       0.003557       0.780069       0.000180
           8.54       0.772851       0.119308       0.773809       0.004427       0.773773       0.000202
           8.55       0.766442       0.124963       0.767440       0.004996       0.767400       0.000208
           8.56       0.760033       0.120633       0.760914       0.004910       0.760950       0.000195
           8.57       0.753624       0.106163       0.754395       0.004023       0.754424       0.000160
           8.58       0.747215       0.081362       0.747802       0.002853       0.747823       0.000111
           8.59       0.740806       0.046034       0.741137       0.001472       0.741147       0.000048
           8.60       0.734397       0.000035       0.734397       0.000035       0.734397       0.000035
           8.61       0.727255       0.043806       0.727585       0.001579       0.727573       0.000043
           8.62       0.720112       0.078398       0.720699       0.003059       0.720676       0.000108
           8.63       0.712969       0.103573       0.713740       0.004385       0.713707       0.000166
           8.64       0.705826       0.119158       0.706707       0.005455       0.706667       0.000205
           8.65       0.698683       0.124960       0.699601       0.006168       0.699556       0.000223
           8.66       0.691541       0.120800       0.692335       0.006012       0.692375       0.000218
           8.67       0.684398       0.106458       0.685093       0.004949       0.685126       0.000199
           8.68       0.677255       0.081702       0.677785       0.003535       0.677808       0.000158
           8.69       0.670112       0.046311       0.670410       0.001858       0.670422       0.000097
           8.70       0.662969       0.000019       0.662969       0.000019       0.662969       0.000028
           8.71       0.655164       0.043605       0.655462       0.001864       0.655449       0.000091
           8.72       0.647359       0.078094       0.647889       0.003696       0.647864       0.000150
           8.73       0.639554       0.103302       0.640249       0.005338       0.640214       0.000202
           8.74       0.631748       0.119001       0.632543       0.006664       0.632500       0.000225
           8.75       0.623943       0.124977       0.624771       0.007557       0.624723       0.000229
           8.76       0.616138       0.120990       0.616840       0.007285       0.616883       0.000222
           8.77       0.608333       0.106782       0.608947       0.006000       0.608982       0.000186
           8.78       0.600528       0.082078       0.600995       0.004278       0.601020       0.000132
           8.79       0.592723       0.046582       0.592986       0.002225       0.592999       0.000054
           8.80       0.584917       0.000026       0.584917       0.000026       0.584917       0.000026
           8.81       0.576528       0.043251       0.576791       0.002343       0.576777       0.000054
           8.82       0.568138       0.077642       0.568606       0.004598       0.568579       0.000130
           8.83       0.559748       0.102893       0.560362       0.006631       0.560324       0.000187
           8.84       0.551359       0.118772       0.552060       0.008284       0.552013       0.000235
           8.85       0.542969       0.124997       0.543700       0.009398       0.543647       0.000250
           8.86       0.534579       0.121261       0.535180       0.009040       0.535227       0.000254
           8.87       0.526190       0.107257       0.526715       0.007489       0.526753       0.000235
           8.88       0.517800       0.082651       0.518200       0.005384       0.518227       0.000196
           8.89       0.509410       0.047060       0.509636       0.002864       0.509649       0.000139
           8.90       0.501021       0.000068       0.501021       0.000068       0.501021       0.000068
           8.91       0.492130       0.042916       0.492356       0.002834       0.492341       0.000144
           8.92       0.483240       0.077131       0.483641       0.005668       0.483612       0.000199
           8.93       0.474350       0.102423       0.474876       0.008254       0.474835       0.000245
           8.94       0.465460       0.118499       0.466060       0.010390       0.466011       0.000271
           8.95       0.456570       0.125008       0.457195       0.011851       0.457140       0.000281
           8.96       0.447679       0.121597       0.448174       0.011350       0.448223       0.000266
           8.97       0.438789       0.107848       0.439222       0.009423       0.439262       0.000230
           8.98       0.429899       0.083334       0.430229       0.006767       0.430257       0.000173
           8.99       0.421009       0.047562       0.421194       0.003567       0.421209       0.000093
           9.00       0.412119       0.000001       0.412119       0.000001       0.412119       0.000001
           9.01       0.402817       0.042237       0.403002       0.003740       0.402987       0.000054
           9.02       0.393515       0.076207       0.393844       0.007437       0.393814       0.000108
           9.03       0.384213       0.101578       0.384645       0.010835       0.384603       0.000145
           9.04       0.374911       0.117960       0.375405       0.013690       0.375353       0.000165
           9.05       0.365609       0.124922       0.366123       0.015685       0.366065       0.000166
           9.06       0.356307       0.122007       0.356689       0.014733       0.356741       0.000155
           9.07       0.347005       0.108679       0.347340       0.012275       0.347382       0.000110
           9.08       0.337703       0.084335       0.337958       0.008848       0.337988       0.000057
           9.09       0.328401       0.048328       0.328544       0.004644       0.328560       0.000018
           9.10       0.319099       0.000112       0.319099       0.000112       0.319099       0.000112
           9.11       0.309478       0.041193       0.309621       0.005155       0.309606       0.000025
           9.12       0.299857       0.074793       0.300112       0.010220       0.300081       0.000049
           9.13       0.290236       0.100288       0.290571       0.014971       0.290527       0.000119
           9.14       0.280615       0.117189       0.280998       0.019027       0.280944       0.000173
           9.15       0.270994       0.124933       0.271393       0.021984       0.271333       0.000203
           9.16       0.261374       0.122902       0.261641       0.020830       0.261695       0.000217
           9.17       0.251753       0.110346       0.251986       0.017615       0.252030       0.000221
           9.18       0.242132       0.086398       0.242310       0.012913       0.242341       0.000197
           9.19       0.232511       0.050044       0.232611       0.006979       0.232627       0.000151
           9.20       0.222890       0.000080       0.222890       0.000080       0.222890       0.000086
           9.21       0.213046       0.039541       0.213147       0.007457       0.213130       0.000143
           9.22       0.203203       0.072324       0.203381       0.015265       0.203350       0.000189
           9.23       0.193359       0.097910       0.193593       0.022855       0.193548       0.000219
           9.24       0.183516       0.115713       0.183783       0.029682       0.183728       0.000237
           9.25       0.173672       0.124975       0.173951       0.035048       0.173889       0.000231
           9.26       0.163829       0.124761       0.163978       0.033719       0.164033       0.000208
           9.27       0.153985       0.113894       0.154116       0.029123       0.154161       0.000154
           9.28       0.144142       0.090854       0.144241       0.021849       0.144273       0.000077
           9.29       0.134298       0.053704       0.134354       0.012029       0.134371       0.000025
           9.30       0.124455       0.000152       0.124455       0.000152       0.124455       0.000152
           9.31       0.114487       0.034450       0.114543       0.014446       0.114526       0.000069
           9.32       0.104519       0.064678       0.104618       0.030504       0.104587       0.000029
           9.33       0.094551       0.090223       0.094682       0.047851       0.094636       0.000126
           9.34       0.084583       0.110608       0.084732       0.065747       0.084676       0.000244
           9.35       0.074615       0.125109       0.074771       0.083114       0.074708       0.000369
           9.36       0.064647       0.132540       0.064677       0.086824       0.064733       0.000501
           9.37       0.054679       0.130873       0.054705       0.083584       0.054750       0.000656
           9.38       0.044711       0.116263       0.044731       0.072188       0.044763       0.000858
           9.39       0.034743       0.080388       0.034754       0.048472       0.034771       0.001117
           9.40       0.024775       0.001541       0.024775       0.001541       0.024775       0.001541
           9.41       0.014783       0.033863       0.014794       0.108954       0.014777       0.002425
           9.42       0.004790       0.248381       0.004810       0.661257       0.004778       0.006780
           9.43      -0.005203       0.367862      -0.005177       0.863716      -0.005222       0.005429
           9.44      -0.015195       0.171004      -0.015166       0.365409      -0.015221       0.001558
           9.45      -0.025188       0.124216      -0.025157       0.246437      -0.025219       0.000759
           9.46      -0.035180       0.096845      -0.035271       0.159046      -0.035215       0.000417
           9.47      -0.045173       0.073777      -0.045252       0.100627      -0.045207       0.000232
           9.48      -0.055166       0.050888      -0.055226       0.057954      -0.055194       0.000117
           9.49      -0.065158       0.026549      -0.065192       0.025305      -0.065176       0.000041
           9.50      -0.075151       0.000002      -0.075151       0.000002      -0.075151       0.000008
           9.51      -0.085068       0.059052      -0.085102       0.019357      -0.085119       0.000170
           9.52      -0.094986       0.096787      -0.095046       0.033611      -0.095078       0.000283
           9.53      -0.104904       0.118332      -0.104982       0.043257      -0.105027       0.000367
           9.54      -0.114821       0.127012      -0.114911       0.048635      -0.114967       0.000413
           9.55      -0.124739       0.125124      -0.124956       0.049110      -0.124894       0.000434
           9.56      -0.134656       0.114261      -0.134865       0.040697      -0.134810       0.000422
           9.57      -0.144574       0.095581      -0.144756       0.030734      -0.144711       0.000394
           9.58      -0.154491       0.069940      -0.154630       0.020152      -0.154599       0.000340
           9.59      -0.164409       0.037987      -0.164487       0.009642      -0.164471       0.000288
           9.60      -0.174326       0.000218      -0.174326       0.000218      -0.174326       0.000218
           9.61      -0.184070       0.051545      -0.184148       0.009009      -0.184164       0.000279
           9.62      -0.193813       0.088189      -0.193952       0.016396      -0.193984       0.000311
           9.63      -0.203557       0.111794      -0.203739       0.022102      -0.203784       0.000319
           9.64      -0.213300       0.123704      -0.213509       0.025888      -0.213563       0.000316
           9.65      -0.223043       0.125020      -0.223383       0.027019      -0.223322       0.000278
           9.66      -0.232787       0.116650      -0.233113       0.023200      -0.233058       0.000233
           9.67      -0.242530       0.099375      -0.242815       0.018106      -0.242771       0.000173
           9.68      -0.252274       0.073808      -0.252491       0.012261      -0.252460       0.000099
           9.69      -0.262017       0.040516      -0.262139       0.006111      -0.262123       0.000018
           9.70      -0.271761       0.000064      -0.271761       0.000064      -0.271761       0.000064
           9.71      -0.281232       0.049018      -0.281355       0.005571      -0.281370       0.000031
           9.72      -0.290704       0.085187      -0.290922       0.010505      -0.290952       0.000119
           9.73      -0.300176       0.109389      -0.300461       0.014479      -0.300504       0.000178
           9.74      -0.309648       0.122419      -0.309974       0.017284      -0.310027       0.000221
           9.75      -0.319120       0.124974      -0.319577       0.018246      -0.319518       0.000232
           9.76      -0.328591       0.117691      -0.329031       0.015849      -0.328978       0.000231
           9.77      -0.338063       0.101095      -0.338448       0.012494      -0.338405       0.000205
           9.78      -0.347535       0.075686      -0.347828       0.008520      -0.347798       0.000168
           9.79      -0.357007       0.041880      -0.357172       0.004256      -0.357156       0.000117
           9.80      -0.366479       0.000048      -0.366479       0.000048      -0.366479       0.000048
           9.81      -0.375585       0.047960      -0.375749       0.004117      -0.375764       0.000120
           9.82      -0.384690       0.083819      -0.384983       0.007752      -0.385012       0.000174
           9.83      -0.393796       0.108233      -0.394180       0.010727      -0.394222       0.000211
           9.84      -0.402902       0.121780      -0.403341       0.012882      -0.403392       0.000227
           9.85      -0.412007       0.124952      -0.412579       0.013597      -0.412522       0.000216
           9.86      -0.421113       0.118222      -0.421662       0.011919      -0.421611       0.000190
           9.87      -0.430219       0.101990      -0.430699       0.009487      -0.430658       0.000139
           9.88      -0.439325       0.076647      -0.439690       0.006552      -0.439661       0.000077
           9.89      -0.448430       0.042518      -0.448636       0.003345      -0.448621       0.000009
           9.90      -0.457536       0.000071      -0.457536       0.000071      -0.457536       0.000078
           9.91      -0.466185       0.047186      -0.466390       0.003071      -0.466405       0.000156
           9.92      -0.474833       0.082868      -0.475199       0.005895      -0.475228       0.000238
           9.93      -0.483482       0.107448      -0.483962       0.008257      -0.484003       0.000320
           9.94      -0.492130       0.121337      -0.492679       0.009985      -0.492730       0.000370
           9.95      -0.500778       0.124941      -0.501350       0.010951      -0.501407       0.000413
           9.96      -0.509427       0.118592      -0.509976       0.011018      -0.510034       0.000423
           9.97      -0.518075       0.102642      -0.518556       0.010065      -0.518610       0.000394
           9.98      -0.526724       0.077371      -0.527090       0.007978      -0.527134       0.000322
           9.99      -0.535372       0.043078      -0.535578       0.004652      -0.535604       0.000189
          10.00      -0.544021       0.000002      -0.544021       0.000002      -0.544021       0.000002
