
natural spline
             x          Natural CS          N_Error(%) 
       1.510000       14.8489318651        0.0038789824
       1.520000       14.9103914960        0.0064676930
       1.530000       14.9719066583        0.0079312044
       1.540000       15.0335051180        0.0084319979
       1.550000       15.0952146406        0.0081299960
       1.560000       15.1570629920        0.0071825930
       1.570000       15.2190779378        0.0057446848
       1.580000       15.2812872440        0.0039686973
       1.590000       15.3437186761        0.0020046136
       1.600000       15.4064000000        0.0000000000
       1.610000       15.4693552160        0.0019243096
       1.620000       15.5325932628        0.0037464151
       1.630000       15.5961193136        0.0054689227
       1.640000       15.6599385419        0.0070944039
       1.650000       15.7240561208        0.0086253966
       1.660000       15.7884772237        0.0100644057
       1.670000       15.8532070238        0.0114139031
       1.680000       15.9182506944        0.0126763288
       1.690000       15.9836134088        0.0138540911
       1.700000       16.0493003404        0.0149495669
       1.710000       16.1153166623        0.0159651028
       1.720000       16.1816675479        0.0169030148
       1.730000       16.2483581705        0.0177655891
       1.740000       16.3153937034        0.0185550826
       1.750000       16.3827793198        0.0192737230
       1.760000       16.4505201930        0.0199237092
       1.770000       16.5186214964        0.0205072121
       1.780000       16.5870884032        0.0210263744
       1.790000       16.6559260867        0.0214833110
       1.800000       16.7251397202        0.0218801098
       1.810000       16.7947344770        0.0222188314
       1.820000       16.8647155303        0.0225015097
       1.830000       16.9350880535        0.0227301524
       1.840000       17.0058572199        0.0229067406
       1.850000       17.0770282027        0.0230332298
       1.860000       17.1486061752        0.0231115496
       1.870000       17.2205963107        0.0231436045
       1.880000       17.2930037825        0.0231312733
       1.890000       17.3658337640        0.0230764103
       1.900000       17.4390914283        0.0229808447
       1.910000       17.5127819488        0.0228463813
       1.920000       17.5869104987        0.0226748005
       1.930000       17.6614822514        0.0224678585
       1.940000       17.7365023801        0.0222272877
       1.950000       17.8119760582        0.0219547964
       1.960000       17.8879084588        0.0216520696
       1.970000       17.9643047554        0.0213207684
       1.980000       18.0411701212        0.0209625311
       1.990000       18.1185097294        0.0205789725
       2.000000       18.1963287534        0.0201716846
       2.010000       18.2746323665        0.0197422364
       2.020000       18.3534257419        0.0192921743
       2.030000       18.4327140529        0.0188230222
       2.040000       18.5125024729        0.0183362814
       2.050000       18.5927961751        0.0178334310
       2.060000       18.6736003328        0.0173159280
       2.070000       18.7549201193        0.0167852073
       2.080000       18.8367607078        0.0162426819
       2.090000       18.9191272718        0.0156897429
       2.100000       19.0020249844        0.0151277599
       2.110000       19.0854590189        0.0145580809
       2.120000       19.1694345487        0.0139820323
       2.130000       19.2539567469        0.0134009195
       2.140000       19.3390307871        0.0128160263
       2.150000       19.4246618423        0.0122286156
       2.160000       19.5108550859        0.0116399295
       2.170000       19.5976156911        0.0110511888
       2.180000       19.6849488314        0.0104635938
       2.190000       19.7728596799        0.0098783241
       2.200000       19.8613534099        0.0092965388
       2.210000       19.9504351948        0.0087193763
       2.220000       20.0401102078        0.0081479550
       2.230000       20.1303836222        0.0075833727
       2.240000       20.2212606113        0.0070267075
       2.250000       20.3127463484        0.0064790171
       2.260000       20.4048460068        0.0059413395
       2.270000       20.4975647597        0.0054146928
       2.280000       20.5909077805        0.0049000754
       2.290000       20.6848802425        0.0043984663
       2.300000       20.7794873189        0.0039108248
       2.310000       20.8747341830        0.0034380910
       2.320000       20.9706260081        0.0029811856
       2.330000       21.0671679675        0.0025410103
       2.340000       21.1643652345        0.0021184477
       2.350000       21.2622229824        0.0017143616
       2.360000       21.3607463844        0.0013295969
       2.370000       21.4599406139        0.0009649799
       2.380000       21.5598108441        0.0006213182
       2.390000       21.6603622484        0.0002994013
       2.400000       21.7616000000        0.0000000000
       2.410000       21.8635293297        0.0002763959
       2.420000       21.9661556985        0.0005303571
       2.430000       22.0694846246        0.0007627088
       2.440000       22.1735216266        0.0009742642
       2.450000       22.2782722228        0.0011658257
       2.460000       22.3837419316        0.0013381839
       2.470000       22.4899362715        0.0014921185
       2.480000       22.5968607608        0.0016283978
       2.490000       22.7045209179        0.0017477791
       2.500000       22.8129222613        0.0018510086
       2.510000       22.9220703094        0.0019388214
       2.520000       23.0319705805        0.0020119417
       2.530000       23.1426285930        0.0020710827
       2.540000       23.2540498655        0.0021169469
       2.550000       23.3662399162        0.0021502260
       2.560000       23.4792042635        0.0021716009
       2.570000       23.5929484260        0.0021817418
       2.580000       23.7074779219        0.0021813083
       2.590000       23.8227982697        0.0021709496
       2.600000       23.9389149878        0.0021513043
       2.610000       24.0558335946        0.0021230004
       2.620000       24.1735596085        0.0020866560
       2.630000       24.2920985479        0.0020428784
       2.640000       24.4114559312        0.0019922650
       2.650000       24.5316372768        0.0019354028
       2.660000       24.6526481031        0.0018728689
       2.670000       24.7744939286        0.0018052302
       2.680000       24.8971802715        0.0017330437
       2.690000       25.0207126504        0.0016568564
       2.700000       25.1450965836        0.0015772057
       2.710000       25.2703375896        0.0014946189
       2.720000       25.3964411867        0.0014096138
       2.730000       25.5234128933        0.0013226985
       2.740000       25.6512582279        0.0012343715
       2.750000       25.7799827089        0.0011451219
       2.760000       25.9095918545        0.0010554293
       2.770000       26.0400911834        0.0009657640
       2.780000       26.1714862138        0.0008765869
       2.790000       26.3037824642        0.0007883499
       2.800000       26.4369854530        0.0007014955
       2.810000       26.5711006985        0.0006164574
       2.820000       26.7061337192        0.0005336601
       2.830000       26.8420900335        0.0004535194
       2.840000       26.9789751598        0.0003764420
       2.850000       27.1167946165        0.0003028262
       2.860000       27.2555539220        0.0002330613
       2.870000       27.3952585947        0.0001675281
       2.880000       27.5359141530        0.0001065990
       2.890000       27.6775261153        0.0000506378
       2.900000       27.8201000000        0.0000000000
       2.910000       27.9636412966        0.0000450707
       2.920000       28.1081553787        0.0000847488
       2.930000       28.2536475909        0.0001193086
       2.940000       28.4001232781        0.0001490200
       2.950000       28.5475877847        0.0001741484
       2.960000       28.6960464557        0.0001949545
       2.970000       28.8455046355        0.0002116946
       2.980000       28.9959676689        0.0002246207
       2.990000       29.1474409006        0.0002339802
       3.000000       29.2999296752        0.0002400162
       3.010000       29.4534393375        0.0002429675
       3.020000       29.6079752321        0.0002430686
       3.030000       29.7635427038        0.0002405495
       3.040000       29.9201470971        0.0002356364
       3.050000       30.0777937567        0.0002285510
       3.060000       30.2364880275        0.0002195109
       3.070000       30.3962352539        0.0002087296
       3.080000       30.5570407808        0.0001964165
       3.090000       30.7189099528        0.0001827771
       3.100000       30.8818481145        0.0001680126
       3.110000       31.0458606107        0.0001523205
       3.120000       31.2109527861        0.0001358941
       3.130000       31.3771299853        0.0001189232
       3.140000       31.5443975530        0.0001015933
       3.150000       31.7127608338        0.0000840864
       3.160000       31.8822251726        0.0000665806
       3.170000       32.0527959139        0.0000492502
       3.180000       32.2244784025        0.0000322659
       3.190000       32.3972779829        0.0000157947
       3.200000       32.5712000000        0.0000000000
       3.210000       32.7462498080        0.0000149880
       3.220000       32.9224327999        0.0000291592
       3.230000       33.0997543784        0.0000425331
       3.240000       33.2782199459        0.0000551290
       3.250000       33.4578349053        0.0000669657
       3.260000       33.6386046590        0.0000780621
       3.270000       33.8205346097        0.0000884366
       3.280000       34.0036301601        0.0000981074
       3.290000       34.1878967126        0.0001070925
       3.300000       34.3733396701        0.0001154096
       3.310000       34.5599644350        0.0001230761
       3.320000       34.7477764100        0.0001301093
       3.330000       34.9367809978        0.0001365261
       3.340000       35.1269836008        0.0001423433
       3.350000       35.3183896219        0.0001475774
       3.360000       35.5110044635        0.0001522445
       3.370000       35.7048335283        0.0001563608
       3.380000       35.8998822189        0.0001599420
       3.390000       36.0961559380        0.0001630037
       3.400000       36.2936600881        0.0001655611
       3.410000       36.4924000719        0.0001676294
       3.420000       36.6923812920        0.0001692233
       3.430000       36.8936091510        0.0001703576
       3.440000       37.0960890515        0.0001710466
       3.450000       37.2998263962        0.0001713046
       3.460000       37.5048265877        0.0001711453
       3.470000       37.7110950285        0.0001705827
       3.480000       37.9186371214        0.0001696303
       3.490000       38.1274582689        0.0001683012
       3.500000       38.3375638736        0.0001666087
       3.510000       38.5489593382        0.0001645657
       3.520000       38.7616500654        0.0001621847
       3.530000       38.9756414576        0.0001594783
       3.540000       39.1909389175        0.0001564587
       3.550000       39.4075478478        0.0001531380
       3.560000       39.6254736511        0.0001495280
       3.570000       39.8447217300        0.0001456405
       3.580000       40.0652974870        0.0001414868
       3.590000       40.2872063249        0.0001370782
       3.600000       40.5104536462        0.0001324259
       3.610000       40.7350448537        0.0001275406
       3.620000       40.9609853497        0.0001224331
       3.630000       41.1882805371        0.0001171139
       3.640000       41.4169358185        0.0001115933
       3.650000       41.6469565963        0.0001058814
       3.660000       41.8783482734        0.0000999882
       3.670000       42.1111162522        0.0000939235
       3.680000       42.3452659354        0.0000876968
       3.690000       42.5808027257        0.0000813176
       3.700000       42.8177320255        0.0000747951
       3.710000       43.0560592377        0.0000681384
       3.720000       43.2957897647        0.0000613564
       3.730000       43.5369290093        0.0000544579
       3.740000       43.7794823739        0.0000474513
       3.750000       44.0234552613        0.0000403451
       3.760000       44.2688530741        0.0000331476
       3.770000       44.5156812148        0.0000258669
       3.780000       44.7639450861        0.0000185108
       3.790000       45.0136500907        0.0000110871
       3.800000       45.2648016311        0.0000036034
       3.810000       45.5174051099        0.0000039327
       3.820000       45.7714659299        0.0000115140
       3.830000       46.0269894935        0.0000191333
       3.840000       46.2839812034        0.0000267837
       3.850000       46.5424464623        0.0000344581
       3.860000       46.8023906728        0.0000421500
       3.870000       47.0638192374        0.0000498527
       3.880000       47.3267375588        0.0000575598
       3.890000       47.5911510396        0.0000652650
       3.900000       47.8570650825        0.0000729621
       3.910000       48.1244850900        0.0000806450
       3.920000       48.3934164648        0.0000883079
       3.930000       48.6638646094        0.0000959449
       3.940000       48.9358349266        0.0001035505
       3.950000       49.2093328190        0.0001111191
       3.960000       49.4843636890        0.0001186453
       3.970000       49.7609329395        0.0001261239
       3.980000       50.0390459729        0.0001335497
       3.990000       50.3187081920        0.0001409176
       4.000000       50.5999249993        0.0001482228
       4.010000       50.8827017974        0.0001554605
       4.020000       51.1670439890        0.0001626259
       4.030000       51.4529569767        0.0001697146
       4.040000       51.7404461631        0.0001767220
       4.050000       52.0295169508        0.0001836439
       4.060000       52.3201747425        0.0001904759
       4.070000       52.6124249407        0.0001972140
       4.080000       52.9062729481        0.0002038542
       4.090000       53.2017241674        0.0002103924
       4.100000       53.4987840010        0.0002168250
       4.110000       53.7974578517        0.0002231481
       4.120000       54.0977511221        0.0002293582
       4.130000       54.3996692147        0.0002354517
       4.140000       54.7032175323        0.0002414252
       4.150000       55.0084014774        0.0002472754
       4.160000       55.3152264526        0.0002529991
       4.170000       55.6236978606        0.0002585931
       4.180000       55.9338211040        0.0002640542
       4.190000       56.2456015854        0.0002693797
       4.200000       56.5590447073        0.0002745666
       4.210000       56.8741558726        0.0002796120
       4.220000       57.1909404837        0.0002845133
       4.230000       57.5094039433        0.0002892679
       4.240000       57.8295516539        0.0002938732
       4.250000       58.1513890183        0.0002983267
       4.260000       58.4749214391        0.0003026261
       4.270000       58.8001543188        0.0003067690
       4.280000       59.1270930601        0.0003107533
       4.290000       59.4557430655        0.0003145766
       4.300000       59.7861097378        0.0003182371
       4.310000       60.1181984795        0.0003217326
       4.320000       60.4520146933        0.0003250612
       4.330000       60.7875637818        0.0003282210
       4.340000       61.1248511476        0.0003312103
       4.350000       61.4638821932        0.0003340272
       4.360000       61.8046623214        0.0003366702
       4.370000       62.1471969348        0.0003391376
       4.380000       62.4914914359        0.0003414278
       4.390000       62.8375512275        0.0003435395
       4.400000       63.1853817120        0.0003454711
       4.410000       63.5349882922        0.0003472214
       4.420000       63.8863763706        0.0003487889
       4.430000       64.2395513499        0.0003501726
       4.440000       64.5945186327        0.0003513711
       4.450000       64.9512836216        0.0003523835
       4.460000       65.3098517192        0.0003532085
       4.470000       65.6702283282        0.0003538452
       4.480000       66.0324188512        0.0003542926
       4.490000       66.3964286907        0.0003545498
       4.500000       66.7622632495        0.0003546160
       4.510000       67.1299279301        0.0003544903
       4.520000       67.4994281351        0.0003541720
       4.530000       67.8707692672        0.0003536603
       4.540000       68.2439567290        0.0003529546
       4.550000       68.6189959231        0.0003520542
       4.560000       68.9958922521        0.0003509586
       4.570000       69.3746511187        0.0003496673
       4.580000       69.7552779254        0.0003481797
       4.590000       70.1377780749        0.0003464955
       4.600000       70.5221569699        0.0003446141
       4.610000       70.9084200128        0.0003425353
       4.620000       71.2965726064        0.0003402587
       4.630000       71.6866201532        0.0003377840
       4.640000       72.0785680560        0.0003351110
       4.650000       72.4724217172        0.0003322394
       4.660000       72.8681865396        0.0003291692
       4.670000       73.2658679257        0.0003259001
       4.680000       73.6654712782        0.0003224320
       4.690000       74.0670019996        0.0003187649
       4.700000       74.4704654927        0.0003148988
       4.710000       74.8758671599        0.0003108336
       4.720000       75.2832124040        0.0003065693
       4.730000       75.6925066276        0.0003021061
       4.740000       76.1037552333        0.0002974440
       4.750000       76.5169636236        0.0002925831
       4.760000       76.9321372013        0.0002875237
       4.770000       77.3492813689        0.0002822657
       4.780000       77.7684015290        0.0002768096
       4.790000       78.1895030844        0.0002711554
       4.800000       78.6125914375        0.0002653035
       4.810000       79.0376719911        0.0002592541
       4.820000       79.4647501476        0.0002530076
       4.830000       79.8938313099        0.0002465643
       4.840000       80.3249208804        0.0002399245
       4.850000       80.7580242618        0.0002330886
       4.860000       81.1931468567        0.0002260571
       4.870000       81.6302940678        0.0002188303
       4.880000       82.0694712976        0.0002114087
       4.890000       82.5106839488        0.0002037928
       4.900000       82.9539374240        0.0001959831
       4.910000       83.3992371257        0.0001879801
       4.920000       83.8465884568        0.0001797843
       4.930000       84.2959968196        0.0001713962
       4.940000       84.7474676170        0.0001628164
       4.950000       85.2010062514        0.0001540456
       4.960000       85.6566181255        0.0001450843
       4.970000       86.1143086420        0.0001359331
       4.980000       86.5740832034        0.0001265926
       4.990000       87.0359472124        0.0001170637
       5.000000       87.4999060716        0.0001073467
       5.010000       87.9659651836        0.0000974426
       5.020000       88.4341299510        0.0000873520
       5.030000       88.9044057764        0.0000770755
       5.040000       89.3767980626        0.0000666139
       5.050000       89.8513122120        0.0000559680
       5.060000       90.3279536273        0.0000451385
       5.070000       90.8067277111        0.0000341262
       5.080000       91.2876398661        0.0000229318
       5.090000       91.7706954949        0.0000115561
       5.100000       92.2559000000        0.0000000000
       5.110000       92.7432586623        0.0000116044
       5.120000       93.2327762753        0.0000226050
       5.130000       93.7244575105        0.0000322333
       5.140000       94.2183070397        0.0000397372
       5.150000       94.7143295345        0.0000443803
       5.160000       95.2125296665        0.0000454421
       5.170000       95.7129121075        0.0000422174
       5.180000       96.2154815289        0.0000340163
       5.190000       96.7202426025        0.0000201639
       5.200000       97.2272000000        0.0000000000
       5.210000       97.7363590934        0.0000264043
       5.220000       98.2477280566        0.0000561269
       5.230000       98.7613157640        0.0000855962
       5.240000       99.2771310900        0.0001113145
       5.250000       99.7951829089        0.0001298569
       5.260000      100.3154800951        0.0001378697
       5.270000      100.8380315230        0.0001320701
       5.280000      101.3628460668        0.0001092442
       5.290000      101.8899326010        0.0000662469
       5.300000      102.4193000000        0.0000000000
       5.310000      102.9509565022        0.0000918907
       5.320000      103.4849078029        0.0002093092
       5.330000      104.0211589615        0.0003515273
       5.340000      104.5597150373        0.0005178286
       5.350000      105.1005810896        0.0007075079
       5.360000      105.6437621780        0.0009198716
       5.370000      106.1892633617        0.0011542371
       5.380000      106.7370897001        0.0014099329
       5.390000      107.2872462526        0.0016862984
       5.400000      107.8397380786        0.0019826838
       5.410000      108.3945702375        0.0022984498
       5.420000      108.9517477885        0.0026329675
       5.430000      109.5112757912        0.0029856184
       5.440000      110.0731593048        0.0033557943
       5.450000      110.6374033888        0.0037428968
       5.460000      111.2040131025        0.0041463375
       5.470000      111.7729935054        0.0045655379
       5.480000      112.3443496566        0.0049999288
       5.490000      112.9180866158        0.0054489508
       5.500000      113.4942094421        0.0059120539
       5.510000      114.0727231951        0.0063886970
       5.520000      114.6536329340        0.0068783485
       5.530000      115.2369437183        0.0073804856
       5.540000      115.8226606073        0.0078945943
       5.550000      116.4107886604        0.0084201695
       5.560000      117.0013329370        0.0089567147
       5.570000      117.5942984964        0.0095037418
       5.580000      118.1896903981        0.0100607712
       5.590000      118.7875137014        0.0106273314
       5.600000      119.3877734656        0.0112029594
       5.610000      119.9904747502        0.0117871999
       5.620000      120.5956226145        0.0123796056
       5.630000      121.2032221179        0.0129797371
       5.640000      121.8132783197        0.0135871626
       5.650000      122.4257962795        0.0142014581
       5.660000      123.0407810564        0.0148222069
       5.670000      123.6582377100        0.0154489998
       5.680000      124.2781712995        0.0160814347
       5.690000      124.9005868844        0.0167191169
       5.700000      125.5254895240        0.0173616586
       5.710000      126.1528842777        0.0180086792
       5.720000      126.7827762048        0.0186598047
       5.730000      127.4151703649        0.0193146681
       5.740000      128.0500718171        0.0199729089
       5.750000      128.6874856210        0.0206341734
       5.760000      129.3274168358        0.0212981142
       5.770000      129.9698705210        0.0219643904
       5.780000      130.6148517359        0.0226326674
       5.790000      131.2623655398        0.0233026167
       5.800000      131.9124169923        0.0239739161
       5.810000      132.5650111526        0.0246462493
       5.820000      133.2201530802        0.0253193061
       5.830000      133.8778478343        0.0259927820
       5.840000      134.5381004745        0.0266663783
       5.850000      135.2009160599        0.0273398022
       5.860000      135.8662996501        0.0280127661
       5.870000      136.5342563044        0.0286849885
       5.880000      137.2047910822        0.0293561927
       5.890000      137.8779090428        0.0300261079
       5.900000      138.5536152457        0.0306944683
       5.910000      139.2319147501        0.0313610134
       5.920000      139.9128126156        0.0320254879
       5.930000      140.5963139013        0.0326876414
       5.940000      141.2824236668        0.0333472286
       5.950000      141.9711469714        0.0340040090
       5.960000      142.6624888745        0.0346577471
       5.970000      143.3564544355        0.0353082121
       5.980000      144.0530487136        0.0359551778
       5.990000      144.7522767684        0.0365984226
       6.000000      145.4541436591        0.0372377298
       6.010000      146.1586544452        0.0378728867
       6.020000      146.8658141860        0.0385036853
       6.030000      147.5756279409        0.0391299220
       6.040000      148.2881007693        0.0397513973
       6.050000      149.0032377305        0.0403679160
       6.060000      149.7210438840        0.0409792871
       6.070000      150.4415242890        0.0415853236
       6.080000      151.1646840051        0.0421858426
       6.090000      151.8905280914        0.0427806652
       6.100000      152.6190616076        0.0433696164
       6.110000      153.3502896128        0.0439525250
       6.120000      154.0842171665        0.0445292235
       6.130000      154.8208493280        0.0450995484
       6.140000      155.5601911568        0.0456633397
       6.150000      156.3022477121        0.0462204409
       6.160000      157.0470240535        0.0467706993
       6.170000      157.7945252402        0.0473139657
       6.180000      158.5447563316        0.0478500941
       6.190000      159.2977223871        0.0483789422
       6.200000      160.0534284661        0.0489003709
       6.210000      160.8118796280        0.0494142443
       6.220000      161.5730809320        0.0499204300
       6.230000      162.3370374377        0.0504187986
       6.240000      163.1037542044        0.0509092238
       6.250000      163.8732362914        0.0513915826
       6.260000      164.6454887581        0.0518657549
       6.270000      165.4205166640        0.0523316237
       6.280000      166.1983250683        0.0527890748
       6.290000      166.9789190304        0.0532379969
       6.300000      167.7623036098        0.0536782819
       6.310000      168.5484838658        0.0541098240
       6.320000      169.3374648578        0.0545325206
       6.330000      170.1292516451        0.0549462715
       6.340000      170.9238492871        0.0553509794
       6.350000      171.7212628433        0.0557465496
       6.360000      172.5214973729        0.0561328899
       6.370000      173.3245579354        0.0565099108
       6.380000      174.1304495901        0.0568775251
       6.390000      174.9391773964        0.0572356483
       6.400000      175.7507464136        0.0575841981
       6.410000      176.5651617013        0.0579230949
       6.420000      177.3824283186        0.0582522611
       6.430000      178.2025513251        0.0585716216
       6.440000      179.0255357800        0.0588811037
       6.450000      179.8513867428        0.0591806367
       6.460000      180.6801092728        0.0594701522
       6.470000      181.5117084295        0.0597495840
       6.480000      182.3461892721        0.0600188680
       6.490000      183.1835568600        0.0602779421
       6.500000      184.0238162527        0.0605267465
       6.510000      184.8669725094        0.0607652232
       6.520000      185.7130306897        0.0609933163
       6.530000      186.5619958528        0.0612109719
       6.540000      187.4138730581        0.0614181378
       6.550000      188.2686673651        0.0616147640
       6.560000      189.1263838330        0.0618008021
       6.570000      189.9870275213        0.0619762057
       6.580000      190.8506034892        0.0621409302
       6.590000      191.7171167963        0.0622949327
       6.600000      192.5865725019        0.0624381720
       6.610000      193.4589756653        0.0625706087
       6.620000      194.3343313460        0.0626922051
       6.630000      195.2126446032        0.0628029250
       6.640000      196.0939204965        0.0629027340
       6.650000      196.9781640851        0.0629915992
       6.660000      197.8653804284        0.0630694893
       6.670000      198.7555745858        0.0631363744
       6.680000      199.6487516167        0.0631922264
       6.690000      200.5449165804        0.0632370185
       6.700000      201.4440745364        0.0632707254
       6.710000      202.3462305440        0.0632933231
       6.720000      203.2513896625        0.0633047893
       6.730000      204.1595569514        0.0633051028
       6.740000      205.0707374700        0.0632942439
       6.750000      205.9849362778        0.0632721943
       6.760000      206.9021584340        0.0632389368
       6.770000      207.8224089981        0.0631944558
       6.780000      208.7456930294        0.0631387366
       6.790000      209.6720155873        0.0630717661
       6.800000      210.6013817311        0.0629935321
       6.810000      211.5337965204        0.0629040239
       6.820000      212.4692650143        0.0628032317
       6.830000      213.4077922724        0.0626911471
       6.840000      214.3493833539        0.0625677626
       6.850000      215.2940433183        0.0624330720
       6.860000      216.2417772249        0.0622870702
       6.870000      217.1925901331        0.0621297530
       6.880000      218.1464871023        0.0619611173
       6.890000      219.1034731919        0.0617811613
       6.900000      220.0635534612        0.0615898838
       6.910000      221.0267329696        0.0613872848
       6.920000      221.9930167764        0.0611733655
       6.930000      222.9624099411        0.0609481275
       6.940000      223.9349175231        0.0607115740
       6.950000      224.9105445816        0.0604637085
       6.960000      225.8892961762        0.0602045359
       6.970000      226.8711773660        0.0599340617
       6.980000      227.8561932107        0.0596522924
       6.990000      228.8443487694        0.0593592352
       7.000000      229.8356491016        0.0590548984
       7.010000      230.8300992666        0.0587392908
       7.020000      231.8277043239        0.0584124223
       7.030000      232.8284693328        0.0580743033
       7.040000      233.8323993526        0.0577249453
       7.050000      234.8394994428        0.0573643602
       7.060000      235.8497746628        0.0569925610
       7.070000      236.8632300718        0.0566095611
       7.080000      237.8798707293        0.0562153749
       7.090000      238.8997016947        0.0558100172
       7.100000      239.9227280273        0.0553935038
       7.110000      240.9489547865        0.0549658508
       7.120000      241.9783870317        0.0545270754
       7.130000      243.0110298222        0.0540771951
       7.140000      244.0468882175        0.0536162280
       7.150000      245.0859672769        0.0531441932
       7.160000      246.1282720597        0.0526611099
       7.170000      247.1738076254        0.0521669983
       7.180000      248.2225790334        0.0516618790
       7.190000      249.2745913429        0.0511457732
       7.200000      250.3298496134        0.0506187025
       7.210000      251.3883589043        0.0500806893
       7.220000      252.4501242749        0.0495317563
       7.230000      253.5151507846        0.0489719268
       7.240000      254.5834434928        0.0484012248
       7.250000      255.6550074588        0.0478196744
       7.260000      256.7298477421        0.0472273005
       7.270000      257.8079694020        0.0466241283
       7.280000      258.8893774978        0.0460101836
       7.290000      259.9740770890        0.0453854925
       7.300000      261.0620732350        0.0447500817
       7.310000      262.1533709950        0.0441039782
       7.320000      263.2479754285        0.0434472094
       7.330000      264.3458915949        0.0427798033
       7.340000      265.4471245535        0.0421017881
       7.350000      266.5516793637        0.0414131924
       7.360000      267.6595610849        0.0407140453
       7.370000      268.7707747764        0.0400043763
       7.380000      269.8853254977        0.0392842150
       7.390000      271.0032183081        0.0385535916
       7.400000      272.1244582670        0.0378125366
       7.410000      273.2490504337        0.0370610807
       7.420000      274.3769998676        0.0362992552
       7.430000      275.5083116282        0.0355270914
       7.440000      276.6429907747        0.0347446212
       7.450000      277.7810423666        0.0339518765
       7.460000      278.9224714632        0.0331488897
       7.470000      280.0672831239        0.0323356935
       7.480000      281.2154824081        0.0315123207
       7.490000      282.3670743751        0.0306788046
       7.500000      283.5220640844        0.0298351786
       7.510000      284.6804565953        0.0289814764
       7.520000      285.8422569672        0.0281177320
       7.530000      287.0074702594        0.0272439795
       7.540000      288.1761015314        0.0263602533
       7.550000      289.3481558424        0.0254665882
       7.560000      290.5236382519        0.0245630189
       7.570000      291.7025538193        0.0236495806
       7.580000      292.8849076040        0.0227263085
       7.590000      294.0707046652        0.0217932381
       7.600000      295.2599500624        0.0208504052
       7.610000      296.4526488550        0.0198978455
       7.620000      297.6488061023        0.0189355951
       7.630000      298.8484268637        0.0179636902
       7.640000      300.0515161985        0.0169821673
       7.650000      301.2580791663        0.0159910628
       7.660000      302.4681208262        0.0149904135
       7.670000      303.6816462378        0.0139802563
       7.680000      304.8986604604        0.0129606281
       7.690000      306.1191685533        0.0119315660
       7.700000      307.3431755759        0.0108931075
       7.710000      308.5706865877        0.0098452898
       7.720000      309.8017066479        0.0087881505
       7.730000      311.0362408160        0.0077217273
       7.740000      312.2742941513        0.0066460579
       7.750000      313.5158717132        0.0055611803
       7.760000      314.7609785611        0.0044671323
       7.770000      316.0096197543        0.0033639520
       7.780000      317.2618003523        0.0022516777
       7.790000      318.5175254144        0.0011303476
       7.800000      319.7768000000        0.0000000000
       7.810000      321.0396683857        0.0011271110
       7.820000      322.3063317174        0.0021902542
       7.830000      323.5770303582        0.0031175350
       7.840000      324.8520046712        0.0038381940
       7.850000      326.1314950195        0.0042825923
       7.860000      327.4157417662        0.0043821977
       7.870000      328.7049852745        0.0040695705
       7.880000      329.9994659075        0.0032783501
       7.890000      331.2994240283        0.0019432411
       7.900000      332.6051000000        0.0000000000
       7.910000      333.9166893964        0.0026011645
       7.920000      335.2342086345        0.0058557818
       7.930000      336.5576293416        0.0097460985
       7.940000      337.8869231455        0.0142545943
       7.950000      339.2220616735        0.0193639796
       7.960000      340.5630165534        0.0250571925
       7.970000      341.9097594126        0.0313173968
       7.980000      343.2622618787        0.0381279784
       7.990000      344.6204955793        0.0454725438
       8.000000      345.9844321418        0.0533349167
       8.010000      347.3540431939        0.0616991357
       8.020000      348.7293003631        0.0705494522
       8.030000      350.1101752769        0.0798703274
       8.040000      351.4966395629        0.0896464302
       8.050000      352.8886648488        0.0998626345
       8.060000      354.2862227619        0.1105040171
       8.070000      355.6892849298        0.1215558552
       8.080000      357.0978229802        0.1330036240
       8.090000      358.5118085406        0.1448329947
       8.100000      359.9312132385        0.1570298318
       8.110000      361.3560087014        0.1695801910
       8.120000      362.7861665570        0.1824703171
       8.130000      364.2216584327        0.1956866419
       8.140000      365.6624559562        0.2092157814
       8.150000      367.1085307549        0.2230445346
       8.160000      368.5598544565        0.2371598803
       8.170000      370.0163986885        0.2515489761
       8.180000      371.4781350784        0.2661991553
       8.190000      372.9450352538        0.2810979256
       8.200000      374.4170708422        0.2962329666
       8.210000      375.8942134713        0.3115921280
       8.220000      377.3764347684        0.3271634277
       8.230000      378.8637063613        0.3429350496
       8.240000      380.3559998774        0.3588953418
       8.250000      381.8532869444        0.3750328145
       8.260000      383.3555391897        0.3913361384
       8.270000      384.8627282408        0.4077941427
       8.280000      386.3748257255        0.4243958131
       8.290000      387.8918032712        0.4411302900
       8.300000      389.4136325054        0.4579868670
       8.310000      390.9402850557        0.4749549886
       8.320000      392.4717325497        0.4920242489
       8.330000      394.0079466150        0.5091843896
       8.340000      395.5488988790        0.5264252980
       8.350000      397.0945609693        0.5437370061
       8.360000      398.6449045135        0.5611096880
       8.370000      400.1999011392        0.5785336587
       8.380000      401.7595224738        0.5959993725
       8.390000      403.3237401449        0.6134974211
       8.400000      404.8925257802        0.6310185320
       8.410000      406.4658510070        0.6485535672
       8.420000      408.0436874531        0.6660935214
       8.430000      409.6260067459        0.6836295204
       8.440000      411.2127805130        0.7011528194
       8.450000      412.8039803820        0.7186548021
       8.460000      414.3995779804        0.7361269785
       8.470000      415.9995449357        0.7535609836
       8.480000      417.6038528755        0.7709485762
       8.490000      419.2124734274        0.7882816371
       8.500000      420.8253782188        0.8055521679
       8.510000      422.4425388775        0.8227522893
       8.520000      424.0639270308        0.8398742399
       8.530000      425.6895143065        0.8569103748
       8.540000      427.3192723319        0.8738531642
       8.550000      428.9531727347        0.8906951918
       8.560000      430.5911871424        0.9074291540
       8.570000      432.2332871826        0.9240478580
       8.580000      433.8794444829        0.9405442206
       8.590000      435.5296306707        0.9569112672
       8.600000      437.1838173736        0.9731421302
       8.610000      438.8419762193        0.9892300479
       8.620000      440.5040788351        1.0051683633
       8.630000      442.1700968488        1.0209505223
       8.640000      443.8400018878        1.0365700734
       8.650000      445.5137655797        1.0520206657
       8.660000      447.1913595520        1.0672960481
       8.670000      448.8727554323        1.0823900678
       8.680000      450.5579248482        1.0972966696
       8.690000      452.2468394272        1.1120098942
       8.700000      453.9394707968        1.1265238774
       8.710000      455.6357905847        1.1408328488
       8.720000      457.3357704183        1.1549311310
       8.730000      459.0393819252        1.1688131378
       8.740000      460.7465967330        1.1824733738
       8.750000      462.4573864692        1.1959064331
       8.760000      464.1717227613        1.2091069980
       8.770000      465.8895772370        1.2220698381
       8.780000      467.6109215238        1.2347898094
       8.790000      469.3357272492        1.2472618531
       8.800000      471.0639660407        1.2594809943
       8.810000      472.7956095260        1.2714423418
       8.820000      474.5306293326        1.2831410861
       8.830000      476.2689970880        1.2945724992
       8.840000      478.0106844198        1.3057319331
       8.850000      479.7556629555        1.3166148191
       8.860000      481.5039043227        1.3272166669
       8.870000      483.2553801489        1.3375330634
       8.880000      485.0100620618        1.3475596718
       8.890000      486.7679216888        1.3572922310
       8.900000      488.5289306575        1.3667265544
       8.910000      490.2930605954        1.3758585289
       8.920000      492.0602831302        1.3846841142
       8.930000      493.8305698893        1.3931993420
       8.940000      495.6038925003        1.4014003149
       8.950000      497.3802225908        1.4092832056
       8.960000      499.1595317883        1.4168442562
       8.970000      500.9417917204        1.4240797771
       8.980000      502.7269740145        1.4309861463
       8.990000      504.5150502984        1.4375598087
       9.000000      506.3059921994        1.4437972750
       9.010000      508.0997713453        1.4496951211
       9.020000      509.8963593635        1.4552499873
       9.030000      511.6957278815        1.4604585775
       9.040000      513.4978485270        1.4653176582
       9.050000      515.3026929274        1.4698240579
       9.060000      517.1102327104        1.4739746667
       9.070000      518.9204395035        1.4777664348
       9.080000      520.7332849342        1.4811963723
       9.090000      522.5487406302        1.4842615483
       9.100000      524.3667782188        1.4869590902
       9.110000      526.1873693278        1.4892861830
       9.120000      528.0104855846        1.4912400684
       9.130000      529.8360986168        1.4928180444
       9.140000      531.6641800520        1.4940174644
       9.150000      533.4947015176        1.4948357365
       9.160000      535.3276346414        1.4952703229
       9.170000      537.1629510507        1.4953187394
       9.180000      539.0006223732        1.4949785542
       9.190000      540.8406202364        1.4942473879
       9.200000      542.6829162679        1.4931229125
       9.210000      544.5274820952        1.4916028505
       9.220000      546.3742893459        1.4896849749
       9.230000      548.2233096475        1.4873671081
       9.240000      550.0745146275        1.4846471214
       9.250000      551.9278759136        1.4815229345
       9.260000      553.7833651333        1.4779925146
       9.270000      555.6409539141        1.4740538762
       9.280000      557.5006138836        1.4697050802
       9.290000      559.3623166694        1.4649442333
       9.300000      561.2260338989        1.4597694878
       9.310000      563.0917371998        1.4541790406
       9.320000      564.9593981995        1.4481711328
       9.330000      566.8289885257        1.4417440492
       9.340000      568.7004798060        1.4348961175
       9.350000      570.5738436677        1.4276257082
       9.360000      572.4490517386        1.4199312336
       9.370000      574.3260756461        1.4118111476
       9.380000      576.2048870178        1.4032639450
       9.390000      578.0854574813        1.3942881608
       9.400000      579.9677586641        1.3848823702
       9.410000      581.8517621938        1.3750451877
       9.420000      583.7374396979        1.3647752664
       9.430000      585.6247628039        1.3540712982
       9.440000      587.5137031395        1.3429320127
       9.450000      589.4042323321        1.3313561767
       9.460000      591.2963220094        1.3193425942
       9.470000      593.1899437988        1.3068901056
       9.480000      595.0850693280        1.2939975871
       9.490000      596.9816702245        1.2806639506
       9.500000      598.8797181158        1.2668881429
       9.510000      600.7791846295        1.2526691453
       9.520000      602.6800413931        1.2380059736
       9.530000      604.5822600342        1.2228976768
       9.540000      606.4858121804        1.2073433376
       9.550000      608.3906694591        1.1913420712
       9.560000      610.2968034980        1.1748930254
       9.570000      612.2041859246        1.1579953798
       9.580000      614.1127883665        1.1406483456
       9.590000      616.0225824511        1.1228511650
       9.600000      617.9335398062        1.1046031113
       9.610000      619.8456320591        1.0859034877
       9.620000      621.7588308375        1.0667516274
       9.630000      623.6731077689        1.0471468933
       9.640000      625.5884344809        1.0270886772
       9.650000      627.5047826009        1.0065763997
       9.660000      629.4221237567        0.9856095098
       9.670000      631.3404295757        0.9641874844
       9.680000      633.2596716855        0.9423098281
       9.690000      635.1798217135        0.9199760725
       9.700000      637.1008512875        0.8971857764
       9.710000      639.0227320349        0.8739385248
       9.720000      640.9454355833        0.8502339289
       9.730000      642.8689335602        0.8260716258
       9.740000      644.7931975932        0.8014512780
       9.750000      646.7181993099        0.7763725730
       9.760000      648.6439103377        0.7508352231
       9.770000      650.5703023043        0.7248389651
       9.780000      652.4973468372        0.6983835598
       9.790000      654.4250155639        0.6714687916
       9.800000      656.3532801121        0.6440944687
       9.810000      658.2821121092        0.6162604220
       9.820000      660.2114831828        0.5879665055
       9.830000      662.1413649605        0.5592125954
       9.840000      664.0717290697        0.5299985903
       9.850000      666.0025471382        0.5003244104
       9.860000      667.9337907933        0.4701899978
       9.870000      669.8654316628        0.4395953155
       9.880000      671.7974413740        0.4085403476
       9.890000      673.7297915546        0.3770250988
       9.900000      675.6624538322        0.3450495942
       9.910000      677.5953998342        0.3126138791
       9.920000      679.5286011882        0.2797180183
       9.930000      681.4620295219        0.2463620964
       9.940000      683.3956564626        0.2125462171
       9.950000      685.3294536381        0.1782705031
       9.960000      687.2633926758        0.1435350957
       9.970000      689.1974452033        0.1083401549
       9.980000      691.1315828481        0.0726858584
       9.990000      693.0657772378        0.0365724023
      10.000000      695.0000000000        0.0000000000

Clamped spline
             x           Clamped S         Cd_Error(%) 
       1.510000       14.8493254276        0.0065295283
       1.520000       14.9110504092        0.0108871335
       1.530000       14.9727179932        0.0133506825
       1.540000       15.0343712277        0.0141936802
       1.550000       15.0960531611        0.0136853241
       1.560000       15.1578068416        0.0120905562
       1.570000       15.2196753175        0.0096701128
       1.580000       15.2817016370        0.0066805726
       1.590000       15.3439288484        0.0033744022
       1.600000       15.4064000000        0.0000000000
       1.610000       15.4691518017        0.0032392341
       1.620000       15.5321956103        0.0063064354
       1.630000       15.5955364443        0.0092059902
       1.640000       15.6591793219        0.0119422271
       1.650000       15.7231292617        0.0145194175
       1.660000       15.7873912821        0.0169417775
       1.670000       15.8519704015        0.0192134676
       1.680000       15.9168716384        0.0213385947
       1.690000       15.9821000111        0.0233212123
       1.700000       16.0476605381        0.0251653212
       1.710000       16.1135582379        0.0268748708
       1.720000       16.1797981289        0.0284537594
       1.730000       16.2463852294        0.0299058350
       1.740000       16.3133245580        0.0312348962
       1.750000       16.3806211330        0.0324446925
       1.760000       16.4482799729        0.0335389252
       1.770000       16.5163060961        0.0345212480
       1.780000       16.5847045210        0.0353952672
       1.790000       16.6534802661        0.0361645429
       1.800000       16.7226383498        0.0368325891
       1.810000       16.7921837906        0.0374028741
       1.820000       16.8621216068        0.0378788214
       1.830000       16.9324568169        0.0382638099
       1.840000       17.0031944393        0.0385611744
       1.850000       17.0743394924        0.0387742061
       1.860000       17.1458969947        0.0389061530
       1.870000       17.2178719646        0.0389602203
       1.880000       17.2902694206        0.0389395707
       1.890000       17.3630943810        0.0388473250
       1.900000       17.4363518643        0.0386865621
       1.910000       17.5100468889        0.0384603197
       1.920000       17.5841844733        0.0381715945
       1.930000       17.6587696358        0.0378233426
       1.940000       17.7338073950        0.0374184795
       1.950000       17.8093027692        0.0369598810
       1.960000       17.8852607768        0.0364503827
       1.970000       17.9616864364        0.0358927811
       1.980000       18.0385847663        0.0352898331
       1.990000       18.1159607849        0.0346442571
       2.000000       18.1938195107        0.0339587323
       2.010000       18.2721659621        0.0332359000
       2.020000       18.3510051576        0.0324783628
       2.030000       18.4303421155        0.0316886855
       2.040000       18.5101818544        0.0308693953
       2.050000       18.5905293925        0.0300229818
       2.060000       18.6713897485        0.0291518971
       2.070000       18.7527679406        0.0282585565
       2.080000       18.8346689873        0.0273453382
       2.090000       18.9170979071        0.0264145839
       2.100000       19.0000597183        0.0254685987
       2.110000       19.0835594394        0.0245096514
       2.120000       19.1676020889        0.0235399748
       2.130000       19.2521926852        0.0225617658
       2.140000       19.3373362466        0.0215771855
       2.150000       19.4230377916        0.0205883597
       2.160000       19.5093023387        0.0195973786
       2.170000       19.5961349063        0.0186062974
       2.180000       19.6835405128        0.0176171364
       2.190000       19.7715241766        0.0166318809
       2.200000       19.8600909162        0.0156524818
       2.210000       19.9492457500        0.0146808556
       2.220000       20.0389936964        0.0137188843
       2.230000       20.1293397739        0.0127684162
       2.240000       20.2202890009        0.0118312655
       2.250000       20.3118463957        0.0109092127
       2.260000       20.4040169769        0.0100040049
       2.270000       20.4968057629        0.0091173558
       2.280000       20.5902177721        0.0082509460
       2.290000       20.6842580229        0.0074064230
       2.300000       20.7789315337        0.0065854019
       2.310000       20.8742433231        0.0057894647
       2.320000       20.9701984094        0.0050201613
       2.330000       21.0668018110        0.0042790095
       2.340000       21.1640585464        0.0035674949
       2.350000       21.2619736339        0.0028870713
       2.360000       21.3605520922        0.0022391608
       2.370000       21.4597989395        0.0016251544
       2.380000       21.5597191942        0.0010464116
       2.390000       21.6603178749        0.0005042608
       2.400000       21.7616000000        0.0000000000
       2.410000       21.8635706846        0.0004655464
       2.420000       21.9662354309        0.0008933379
       2.430000       22.0695998381        0.0012847614
       2.440000       22.1736695049        0.0016411847
       2.450000       22.2784500305        0.0019639564
       2.460000       22.3839470137        0.0022544062
       2.470000       22.4901660537        0.0025138449
       2.480000       22.5971127493        0.0027435643
       2.490000       22.7047926996        0.0029448377
       2.500000       22.8132115035        0.0031189197
       2.510000       22.9223747601        0.0032670462
       2.520000       23.0322880683        0.0033904351
       2.530000       23.1429570271        0.0034902855
       2.540000       23.2543872355        0.0035677787
       2.550000       23.3665842924        0.0036240774
       2.560000       23.4795537969        0.0036603267
       2.570000       23.5933013480        0.0036776535
       2.580000       23.7078325445        0.0036771669
       2.590000       23.8231529856        0.0036599585
       2.600000       23.9392682702        0.0036271020
       2.610000       24.0561839972        0.0035796537
       2.620000       24.1739057658        0.0035186524
       2.630000       24.2924391748        0.0034451196
       2.640000       24.4117898232        0.0033600598
       2.650000       24.5319633100        0.0032644601
       2.660000       24.6529652343        0.0031592909
       2.670000       24.7748011949        0.0030455053
       2.680000       24.8974767909        0.0029240402
       2.690000       25.0209976213        0.0027958153
       2.700000       25.1453692851        0.0026617341
       2.710000       25.2705973811        0.0025226835
       2.720000       25.3966875085        0.0023795343
       2.730000       25.5236452662        0.0022331407
       2.740000       25.6514762532        0.0020843413
       2.750000       25.7801860684        0.0019339584
       2.760000       25.9097803109        0.0017827985
       2.770000       26.0402645797        0.0016316525
       2.780000       26.1716444737        0.0014812956
       2.790000       26.3039255919        0.0013324876
       2.800000       26.4371135333        0.0011859729
       2.810000       26.5712138969        0.0010424806
       2.820000       26.7062322816        0.0009027249
       2.830000       26.8421742865        0.0007674047
       2.840000       26.9790455106        0.0006372044
       2.850000       27.1168515528        0.0005127936
       2.860000       27.2555980120        0.0003948270
       2.870000       27.3952904874        0.0002839453
       2.880000       27.5359345779        0.0001807746
       2.890000       27.6775358824        0.0000859269
       2.900000       27.8201000000        0.0000000000
       2.910000       27.9636324814        0.0000765945
       2.920000       28.1081386843        0.0001441420
       2.930000       28.2536239183        0.0002030945
       2.940000       28.4000934930        0.0002538965
       2.950000       28.5475527178        0.0002969851
       2.960000       28.6960069022        0.0003327901
       2.970000       28.8454613559        0.0003617337
       2.980000       28.9959213883        0.0003842310
       2.990000       29.1473923089        0.0004006899
       3.000000       29.2998794273        0.0004115109
       3.010000       29.4533880530        0.0004170878
       3.020000       29.6079234955        0.0004178069
       3.030000       29.7634910644        0.0004140477
       3.040000       29.9200960692        0.0004061828
       3.050000       30.0777438194        0.0003945778
       3.060000       30.2364396246        0.0003795917
       3.070000       30.3961887942        0.0003615764
       3.080000       30.5569966378        0.0003408774
       3.090000       30.7188684649        0.0003178334
       3.100000       30.8818095850        0.0002927766
       3.110000       31.0458253078        0.0002660326
       3.120000       31.2109209426        0.0002379207
       3.130000       31.3771017990        0.0002087536
       3.140000       31.5443731866        0.0001788378
       3.150000       31.7127404149        0.0001484735
       3.160000       31.8822087934        0.0001179546
       3.170000       32.0527836316        0.0000875691
       3.180000       32.2244702391        0.0000575986
       3.190000       32.3972739254        0.0000283190
       3.200000       32.5712000000        0.0000000000
       3.210000       32.7462537881        0.0000271422
       3.220000       32.9224406772        0.0000530861
       3.230000       33.0997660708        0.0000778579
       3.240000       33.2782353719        0.0001014837
       3.250000       33.4578539840        0.0001239891
       3.260000       33.6386273103        0.0001453995
       3.270000       33.8205607541        0.0001657399
       3.280000       34.0036597185        0.0001850349
       3.290000       34.1879296070        0.0002033089
       3.300000       34.3733758227        0.0002205860
       3.310000       34.5600037689        0.0002368898
       3.320000       34.7478188490        0.0002522437
       3.330000       34.9368264660        0.0002666708
       3.340000       35.1270320235        0.0002801938
       3.350000       35.3184409245        0.0002928352
       3.360000       35.5110585724        0.0003046171
       3.370000       35.7048903705        0.0003155613
       3.380000       35.8999417219        0.0003256894
       3.390000       36.0962180300        0.0003350225
       3.400000       36.2937246981        0.0003435815
       3.410000       36.4924671294        0.0003513872
       3.420000       36.6924507272        0.0003584597
       3.430000       36.8936808947        0.0003648191
       3.440000       37.0961630352        0.0003704851
       3.450000       37.2999025521        0.0003754771
       3.460000       37.5049048484        0.0003798143
       3.470000       37.7111753277        0.0003835155
       3.480000       37.9187193930        0.0003865994
       3.490000       38.1275424476        0.0003890842
       3.500000       38.3376498950        0.0003909878
       3.510000       38.5490471382        0.0003923281
       3.520000       38.7617395805        0.0003931225
       3.530000       38.9757326254        0.0003933883
       3.540000       39.1910316759        0.0003931422
       3.550000       39.4076421354        0.0003924010
       3.560000       39.6255694071        0.0003911810
       3.570000       39.8448188944        0.0003894985
       3.580000       40.0653960004        0.0003873692
       3.590000       40.2873061285        0.0003848088
       3.600000       40.5105546819        0.0003818326
       3.610000       40.7351470639        0.0003784557
       3.620000       40.9610886777        0.0003746930
       3.630000       41.1883849267        0.0003705590
       3.640000       41.4170412141        0.0003660683
       3.650000       41.6470629431        0.0003612347
       3.660000       41.8784555171        0.0003560724
       3.670000       42.1112243392        0.0003505948
       3.680000       42.3453748129        0.0003448154
       3.690000       42.5809123412        0.0003387474
       3.700000       42.8178423276        0.0003324037
       3.710000       43.0561701753        0.0003257970
       3.720000       43.2959012875        0.0003189399
       3.730000       43.5370410675        0.0003118445
       3.740000       43.7795949185        0.0003045230
       3.750000       44.0235682440        0.0002969872
       3.760000       44.2689664470        0.0002892487
       3.770000       44.5157949310        0.0002813189
       3.780000       44.7640590991        0.0002732089
       3.790000       45.0137643546        0.0002649299
       3.800000       45.2649161008        0.0002564925
       3.810000       45.5175197410        0.0002479073
       3.820000       45.7715806784        0.0002391847
       3.830000       46.0271043163        0.0002303350
       3.840000       46.2840960579        0.0002213680
       3.850000       46.5425613066        0.0002122936
       3.860000       46.8025054657        0.0002031213
       3.870000       47.0639339382        0.0001938606
       3.880000       47.3268521277        0.0001845207
       3.890000       47.5912654372        0.0001751106
       3.900000       47.8571792701        0.0001656392
       3.910000       48.1245990297        0.0001561152
       3.920000       48.3935301192        0.0001465470
       3.930000       48.6639779418        0.0001369430
       3.940000       48.9359479009        0.0001273114
       3.950000       49.2094453998        0.0001176601
       3.960000       49.4844758416        0.0001079969
       3.970000       49.7610446297        0.0000983295
       3.980000       50.0391571673        0.0000886653
       3.990000       50.3188188578        0.0000790118
       4.000000       50.6000351043        0.0000693760
       4.010000       50.8828113101        0.0000597650
       4.020000       51.1671528785        0.0000501855
       4.030000       51.4530652128        0.0000406444
       4.040000       51.7405537162        0.0000311482
       4.050000       52.0296237921        0.0000217032
       4.060000       52.3202808436        0.0000123157
       4.070000       52.6125302741        0.0000029919
       4.080000       52.9063774868        0.0000062624
       4.090000       53.2018278850        0.0000154413
       4.100000       53.4988868719        0.0000245390
       4.110000       53.7975598508        0.0000335501
       4.120000       54.0978522251        0.0000424692
       4.130000       54.3997693979        0.0000512909
       4.140000       54.7033167725        0.0000600100
       4.150000       55.0084997522        0.0000686217
       4.160000       55.3153237403        0.0000771209
       4.170000       55.6237941400        0.0000855028
       4.180000       55.9339163547        0.0000937629
       4.190000       56.2456957875        0.0001018967
       4.200000       56.5591378417        0.0001098995
       4.210000       56.8742479206        0.0001177673
       4.220000       57.1910314276        0.0001254958
       4.230000       57.5094937657        0.0001330809
       4.240000       57.8296403384        0.0001405187
       4.250000       58.1514765489        0.0001478054
       4.260000       58.4750078004        0.0001549371
       4.270000       58.8002394962        0.0001619102
       4.280000       59.1271770397        0.0001687214
       4.290000       59.4558258339        0.0001753670
       4.300000       59.7861912824        0.0001818437
       4.310000       60.1182787882        0.0001881485
       4.320000       60.4520937546        0.0001942780
       4.330000       60.7876415850        0.0002002294
       4.340000       61.1249276826        0.0002059996
       4.350000       61.4639574507        0.0002115858
       4.360000       61.8047362925        0.0002169853
       4.370000       62.1472696114        0.0002221953
       4.380000       62.4915628105        0.0002272134
       4.390000       62.8376212931        0.0002320370
       4.400000       63.1854504626        0.0002366638
       4.410000       63.5350557221        0.0002410914
       4.420000       63.8864424750        0.0002453175
       4.430000       64.2396161245        0.0002493401
       4.440000       64.5945820739        0.0002531570
       4.450000       64.9513457264        0.0002567662
       4.460000       65.3099124854        0.0002601659
       4.470000       65.6702877541        0.0002633542
       4.480000       66.0324769357        0.0002663292
       4.490000       66.3964854336        0.0002690894
       4.500000       66.7623186510        0.0002716331
       4.510000       67.1299819911        0.0002739586
       4.520000       67.4994808573        0.0002760646
       4.530000       67.8708206528        0.0002779497
       4.540000       68.2440067808        0.0002796123
       4.550000       68.6190446447        0.0002810513
       4.560000       68.9959396477        0.0002822655
       4.570000       69.3746971931        0.0002832536
       4.580000       69.7553226842        0.0002840146
       4.590000       70.1378215241        0.0002845473
       4.600000       70.5221991163        0.0002848509
       4.610000       70.9084608639        0.0002849245
       4.620000       71.2966121702        0.0002847670
       4.630000       71.6866584385        0.0002843777
       4.640000       72.0786050721        0.0002837559
       4.650000       72.4724574742        0.0002829008
       4.660000       72.8682210481        0.0002818118
       4.670000       73.2659011971        0.0002804883
       4.680000       73.6655033244        0.0002789297
       4.690000       74.0670328334        0.0002771355
       4.700000       74.4704951272        0.0002751053
       4.710000       74.8758956091        0.0002728386
       4.720000       75.2832396824        0.0002703351
       4.730000       75.6925327505        0.0002675944
       4.740000       76.1037802165        0.0002646163
       4.750000       76.5169874836        0.0002614006
       4.760000       76.9321599553        0.0002579469
       4.770000       77.3493030348        0.0002542553
       4.780000       77.7684221252        0.0002503256
       4.790000       78.1895226300        0.0002461577
       4.800000       78.6126099523        0.0002417516
       4.810000       79.0376894954        0.0002371073
       4.820000       79.4647666627        0.0002322248
       4.830000       79.8938468573        0.0002271042
       4.840000       80.3249354825        0.0002217457
       4.850000       80.7580379417        0.0002161493
       4.860000       81.1931596380        0.0002103153
       4.870000       81.6303059747        0.0002042439
       4.880000       82.0694823552        0.0001979353
       4.890000       82.5106941827        0.0001913898
       4.900000       82.9539468604        0.0001846077
       4.910000       83.3992457916        0.0001775893
       4.920000       83.8465963796        0.0001703351
       4.930000       84.2960040276        0.0001628454
       4.940000       84.7474741390        0.0001551206
       4.950000       85.2010121169        0.0001471612
       4.960000       85.6566233648        0.0001389677
       4.970000       86.1143132857        0.0001305406
       4.980000       86.5740872831        0.0001218803
       4.990000       87.0359507601        0.0001129876
       5.000000       87.4999091200        0.0001038628
       5.010000       87.9659677662        0.0000945067
       5.020000       88.4341321018        0.0000849198
       5.030000       88.9044075302        0.0000751029
       5.040000       89.3767994545        0.0000650565
       5.050000       89.8513132782        0.0000547814
       5.060000       90.3279544044        0.0000442782
       5.070000       90.8067282364        0.0000335477
       5.080000       91.2876401775        0.0000225907
       5.090000       91.7706956309        0.0000114079
       5.100000       92.2559000000        0.0000000000
       5.110000       92.7432585652        0.0000114997
       5.120000       93.2327761159        0.0000224341
       5.130000       93.7244573189        0.0000320288
       5.140000       94.2183068406        0.0000395259
       5.150000       94.7143293479        0.0000441833
       5.160000       95.2125295074        0.0000452749
       5.170000       95.7129119857        0.0000420901
       5.180000       96.2154814494        0.0000339337
       5.190000       96.7202425653        0.0000201254
       5.200000       97.2272000000        0.0000000000
       5.210000       97.7363591216        0.0000263755
       5.220000       98.2477281040        0.0000560787
       5.230000       98.7613158226        0.0000855369
       5.240000       99.2771311528        0.0001112513
       5.250000       99.7951829701        0.0001297956
       5.260000      100.3154801497        0.0001378153
       5.270000      100.8380315671        0.0001320263
       5.280000      101.3628460977        0.0001092138
       5.290000      101.8899326169        0.0000662314
       5.300000      102.4193000000        0.0000000000
       5.310000      102.9509564865        0.0000918754
       5.320000      103.4849077717        0.0002092789
       5.330000      104.0211589149        0.0003514826
       5.340000      104.5597149757        0.0005177697
       5.350000      105.1005810133        0.0007074353
       5.360000      105.6437620871        0.0009197856
       5.370000      106.1892632565        0.0011541380
       5.380000      106.7370895809        0.0014098212
       5.390000      107.2872461196        0.0016861745
       5.400000      107.8397379321        0.0019825479
       5.410000      108.3945700776        0.0022983022
       5.420000      108.9517476155        0.0026328087
       5.430000      109.5112756053        0.0029854487
       5.440000      110.0731591063        0.0033556140
       5.450000      110.6374031779        0.0037427062
       5.460000      111.2040128795        0.0041461369
       5.470000      111.7729932703        0.0045653276
       5.480000      112.3443494099        0.0049997091
       5.490000      112.9180863575        0.0054487221
       5.500000      113.4942091726        0.0059118164
       5.510000      114.0727229145        0.0063884510
       5.520000      114.6536326426        0.0068780943
       5.530000      115.2369434163        0.0073802234
       5.540000      115.8226602949        0.0078943245
       5.550000      116.4107883378        0.0084198923
       5.560000      117.0013326044        0.0089564304
       5.570000      117.5942981541        0.0095034506
       5.580000      118.1896900462        0.0100604734
       5.590000      118.7875133401        0.0106270273
       5.600000      119.3877730952        0.0112026492
       5.610000      119.9904743709        0.0117868838
       5.620000      120.5956222265        0.0123792838
       5.630000      121.2032217214        0.0129794099
       5.640000      121.8132779149        0.0135868303
       5.650000      122.4257958665        0.0142011208
       5.660000      123.0407806356        0.0148218649
       5.670000      123.6582372814        0.0154486532
       5.680000      124.2781708634        0.0160810838
       5.690000      124.9005864410        0.0167187618
       5.700000      125.5254890734        0.0173612997
       5.710000      126.1528838202        0.0180083165
       5.720000      126.7827757406        0.0186594385
       5.730000      127.4151698941        0.0193142985
       5.740000      128.0500713399        0.0199725362
       5.750000      128.6874851376        0.0206337977
       5.760000      129.3274163464        0.0212977357
       5.770000      129.9698700258        0.0219640093
       5.780000      130.6148512350        0.0226322838
       5.790000      131.2623650336        0.0233022309
       5.800000      131.9124164808        0.0239735282
       5.810000      132.5650106360        0.0246458595
       5.820000      133.2201525586        0.0253189145
       5.830000      133.8778473080        0.0259923887
       5.840000      134.5380999435        0.0266659836
       5.850000      135.2009155246        0.0273394061
       5.860000      135.8662991105        0.0280123689
       5.870000      136.5342557607        0.0286845901
       5.880000      137.2047905346        0.0293557935
       5.890000      137.8779084915        0.0300257079
       5.900000      138.5536146908        0.0306940677
       5.910000      139.2319141918        0.0313606123
       5.920000      139.9128120539        0.0320250864
       5.930000      140.5963133366        0.0326872396
       5.940000      141.2824230992        0.0333468266
       5.950000      141.9711464010        0.0340036071
       5.960000      142.6624883014        0.0346573453
       5.970000      143.3564538599        0.0353078104
       5.980000      144.0530481357        0.0359547764
       5.990000      144.7522761883        0.0365980217
       6.000000      145.4541430770        0.0372373294
       6.010000      146.1586538612        0.0378724870
       6.020000      146.8658136002        0.0385032863
       6.030000      147.5756273535        0.0391295238
       6.040000      148.2881001805        0.0397510001
       6.050000      149.0032371404        0.0403675198
       6.060000      149.7210432927        0.0409788920
       6.070000      150.4415236967        0.0415849297
       6.080000      151.1646834118        0.0421854500
       6.090000      151.8905274975        0.0427802740
       6.100000      152.6190610129        0.0433692266
       6.110000      153.3502890177        0.0439521367
       6.120000      154.0842165710        0.0445288369
       6.130000      154.8208487323        0.0450991635
       6.140000      155.5601905609        0.0456629565
       6.150000      156.3022471163        0.0462200595
       6.160000      157.0470234578        0.0467703199
       6.170000      157.7945246448        0.0473135882
       6.180000      158.5447557366        0.0478497186
       6.190000      159.2977217926        0.0483785688
       6.200000      160.0534278722        0.0488999996
       6.210000      160.8118790348        0.0494138753
       6.220000      161.5730803397        0.0499200632
       6.230000      162.3370368464        0.0504184341
       6.240000      163.1037536141        0.0509088617
       6.250000      163.8732357023        0.0513912230
       6.260000      164.6454881703        0.0518653978
       6.270000      165.4205160776        0.0523312691
       6.280000      166.1983244834        0.0527887227
       6.290000      166.9789184472        0.0532376475
       6.300000      167.7623030283        0.0536779351
       6.310000      168.5484832861        0.0541094799
       6.320000      169.3374642800        0.0545321792
       6.330000      170.1292510694        0.0549459329
       6.340000      170.9238487136        0.0553506437
       6.350000      171.7212622719        0.0557462167
       6.360000      172.5214968039        0.0561325599
       6.370000      173.3245573688        0.0565095837
       6.380000      174.1304490260        0.0568772010
       6.390000      174.9391768349        0.0572353271
       6.400000      175.7507458548        0.0575838800
       6.410000      176.5651611452        0.0579227798
       6.420000      177.3824277654        0.0582519490
       6.430000      178.2025507748        0.0585713127
       6.440000      179.0255352328        0.0588807979
       6.450000      179.8513861987        0.0591803340
       6.460000      180.6801087319        0.0594698526
       6.470000      181.5117078918        0.0597492876
       6.480000      182.3461887377        0.0600185748
       6.490000      183.1835563291        0.0602776521
       6.500000      184.0238157252        0.0605264597
       6.510000      184.8669719856        0.0607649397
       6.520000      185.7130301695        0.0609930360
       6.530000      186.5619953363        0.0612106948
       6.540000      187.4138725454        0.0614178640
       6.550000      188.2686668562        0.0616144935
       6.560000      189.1263833280        0.0618005349
       6.570000      189.9870270202        0.0619759418
       6.580000      190.8506029922        0.0621406697
       6.590000      191.7171163034        0.0622946754
       6.600000      192.5865720131        0.0624379181
       6.610000      193.4589751808        0.0625703581
       6.620000      194.3343308657        0.0626919578
       6.630000      195.2126441273        0.0628026811
       6.640000      196.0939200249        0.0629024934
       6.650000      196.9781636179        0.0629913619
       6.660000      197.8653799657        0.0630692553
       6.670000      198.7555741276        0.0631361438
       6.680000      199.6487511631        0.0631919991
       6.690000      200.5449161314        0.0632367945
       6.700000      201.4440740921        0.0632705047
       6.710000      202.3462301043        0.0632931057
       6.720000      203.2513892276        0.0633045752
       6.730000      204.1595565213        0.0633048920
       6.740000      205.0707370448        0.0632940364
       6.750000      205.9849358574        0.0632719900
       6.760000      206.9021580185        0.0632387359
       6.770000      207.8224085875        0.0631942581
       6.780000      208.7456926237        0.0631385422
       6.790000      209.6720151866        0.0630715749
       6.800000      210.6013813355        0.0629933442
       6.810000      211.5337961298        0.0629038391
       6.820000      212.4692646288        0.0628030502
       6.830000      213.4077918920        0.0626909687
       6.840000      214.3493829787        0.0625675874
       6.850000      215.2940429482        0.0624329000
       6.860000      216.2417768600        0.0622869013
       6.870000      217.1925897734        0.0621295872
       6.880000      218.1464867478        0.0619609547
       6.890000      219.1034728426        0.0617810017
       6.900000      220.0635531171        0.0615897273
       6.910000      221.0267326307        0.0613871314
       6.920000      221.9930164428        0.0611732151
       6.930000      222.9624096128        0.0609479802
       6.940000      223.9349172000        0.0607114296
       6.950000      224.9105442639        0.0604635672
       6.960000      225.8892958637        0.0602043975
       6.970000      226.8711770589        0.0599339262
       6.980000      227.8561929088        0.0596521598
       6.990000      228.8443484728        0.0593591055
       7.000000      229.8356488103        0.0590547716
       7.010000      230.8300989806        0.0587391668
       7.020000      231.8277040432        0.0584123011
       7.030000      232.8284690574        0.0580741850
       7.040000      233.8323990825        0.0577248297
       7.050000      234.8394991780        0.0573642474
       7.060000      235.8497744032        0.0569924509
       7.070000      236.8632298175        0.0566094537
       7.080000      237.8798704802        0.0562152701
       7.090000      238.8997014508        0.0558099151
       7.100000      239.9227277887        0.0553934043
       7.110000      240.9489545531        0.0549657539
       7.120000      241.9783868034        0.0545269810
       7.130000      243.0110295991        0.0540771032
       7.140000      244.0468879995        0.0536161387
       7.150000      245.0859670640        0.0531441063
       7.160000      246.1282718520        0.0526610255
       7.170000      247.1738074227        0.0521669163
       7.180000      248.2225788357        0.0516617994
       7.190000      249.2745911503        0.0511456959
       7.200000      250.3298494258        0.0506186275
       7.210000      251.3883587216        0.0500806165
       7.220000      252.4501240971        0.0495316858
       7.230000      253.5151506117        0.0489718586
       7.240000      254.5834433247        0.0484011587
       7.250000      255.6550072956        0.0478196105
       7.260000      256.7298475836        0.0472272387
       7.270000      257.8079692482        0.0466240686
       7.280000      258.8893773487        0.0460101260
       7.290000      259.9740769446        0.0453854369
       7.300000      261.0620730951        0.0447500281
       7.310000      262.1533708597        0.0441039266
       7.320000      263.2479752978        0.0434471597
       7.330000      264.3458914686        0.0427797555
       7.340000      265.4471244316        0.0421017421
       7.350000      266.5516792462        0.0414131483
       7.360000      267.6595609716        0.0407140030
       7.370000      268.7707746674        0.0400043357
       7.380000      269.8853253929        0.0392841761
       7.390000      271.0032182074        0.0385535544
       7.400000      272.1244581703        0.0378125010
       7.410000      273.2490503410        0.0370610468
       7.420000      274.3769997789        0.0362992229
       7.430000      275.5083115433        0.0355270606
       7.440000      276.6429906937        0.0347445919
       7.450000      277.7810422893        0.0339518487
       7.460000      278.9224713896        0.0331488633
       7.470000      280.0672830539        0.0323356685
       7.480000      281.2154823417        0.0315122971
       7.490000      282.3670743122        0.0306787823
       7.500000      283.5220640249        0.0298351576
       7.510000      284.6804565390        0.0289814567
       7.520000      285.8422569142        0.0281177134
       7.530000      287.0074702095        0.0272439621
       7.540000      288.1761014846        0.0263602371
       7.550000      289.3481557986        0.0254665730
       7.560000      290.5236382111        0.0245630048
       7.570000      291.7025537813        0.0236495675
       7.580000      292.8849075686        0.0227262964
       7.590000      294.0707046325        0.0217932270
       7.600000      295.2599500323        0.0208503950
       7.610000      296.4526488273        0.0198978361
       7.620000      297.6488060770        0.0189355866
       7.630000      298.8484268407        0.0179636825
       7.640000      300.0515161777        0.0169821603
       7.650000      301.2580791476        0.0159910566
       7.660000      302.4681208095        0.0149904080
       7.670000      303.6816462230        0.0139802514
       7.680000      304.8986604473        0.0129606238
       7.690000      306.1191685419        0.0119315623
       7.700000      307.3431755661        0.0108931043
       7.710000      308.5706865794        0.0098452871
       7.720000      309.8017066410        0.0087881483
       7.730000      311.0362408103        0.0077217255
       7.740000      312.2742941468        0.0066460565
       7.750000      313.5158717097        0.0055611791
       7.760000      314.7609785585        0.0044671314
       7.770000      316.0096197526        0.0033639515
       7.780000      317.2618003513        0.0022516774
       7.790000      318.5175254140        0.0011303474
       7.800000      319.7768000000        0.0000000000
       7.810000      321.0396683860        0.0011271109
       7.820000      322.3063317180        0.0021902540
       7.830000      323.5770303589        0.0031175348
       7.840000      324.8520046719        0.0038381938
       7.850000      326.1314950202        0.0042825921
       7.860000      327.4157417669        0.0043821975
       7.870000      328.7049852751        0.0040695703
       7.880000      329.9994659079        0.0032783500
       7.890000      331.2994240285        0.0019432410
       7.900000      332.6051000000        0.0000000000
       7.910000      333.9166893962        0.0026011644
       7.920000      335.2342086341        0.0058557817
       7.930000      336.5576293411        0.0097460984
       7.940000      337.8869231447        0.0142545941
       7.950000      339.2220616726        0.0193639793
       7.960000      340.5630165523        0.0250571922
       7.970000      341.9097594113        0.0313173964
       7.980000      343.2622618773        0.0381279780
       7.990000      344.6204955776        0.0454725433
       8.000000      345.9844321400        0.0533349161
       8.010000      347.3540431919        0.0616991352
       8.020000      348.7293003610        0.0705494516
       8.030000      350.1101752746        0.0798703268
       8.040000      351.4966395605        0.0896464295
       8.050000      352.8886648462        0.0998626338
       8.060000      354.2862227591        0.1105040163
       8.070000      355.6892849270        0.1215558544
       8.080000      357.0978229772        0.1330036232
       8.090000      358.5118085374        0.1448329938
       8.100000      359.9312132351        0.1570298308
       8.110000      361.3560086980        0.1695801900
       8.120000      362.7861665534        0.1824703161
       8.130000      364.2216584290        0.1956866408
       8.140000      365.6624559523        0.2092157804
       8.150000      367.1085307510        0.2230445335
       8.160000      368.5598544524        0.2371598792
       8.170000      370.0163986843        0.2515489749
       8.180000      371.4781350741        0.2661991541
       8.190000      372.9450352493        0.2810979244
       8.200000      374.4170708376        0.2962329653
       8.210000      375.8942134666        0.3115921268
       8.220000      377.3764347636        0.3271634265
       8.230000      378.8637063564        0.3429350483
       8.240000      380.3559998724        0.3588953404
       8.250000      381.8532869392        0.3750328131
       8.260000      383.3555391844        0.3913361370
       8.270000      384.8627282355        0.4077941413
       8.280000      386.3748257201        0.4243958117
       8.290000      387.8918032656        0.4411302886
       8.300000      389.4136324998        0.4579868655
       8.310000      390.9402850500        0.4749549872
       8.320000      392.4717325439        0.4920242474
       8.330000      394.0079466091        0.5091843881
       8.340000      395.5488988730        0.5264252965
       8.350000      397.0945609632        0.5437370046
       8.360000      398.6449045074        0.5611096865
       8.370000      400.1999011329        0.5785336572
       8.380000      401.7595224675        0.5959993709
       8.390000      403.3237401386        0.6134974195
       8.400000      404.8925257737        0.6310185304
       8.410000      406.4658510005        0.6485535656
       8.420000      408.0436874465        0.6660935198
       8.430000      409.6260067393        0.6836295187
       8.440000      411.2127805063        0.7011528178
       8.450000      412.8039803752        0.7186548005
       8.460000      414.3995779735        0.7361269768
       8.470000      415.9995449288        0.7535609819
       8.480000      417.6038528685        0.7709485745
       8.490000      419.2124734203        0.7882816354
       8.500000      420.8253782118        0.8055521662
       8.510000      422.4425388704        0.8227522876
       8.520000      424.0639270237        0.8398742382
       8.530000      425.6895142993        0.8569103731
       8.540000      427.3192723246        0.8738531624
       8.550000      428.9531727274        0.8906951901
       8.560000      430.5911871351        0.9074291523
       8.570000      432.2332871753        0.9240478562
       8.580000      433.8794444755        0.9405442188
       8.590000      435.5296306633        0.9569112654
       8.600000      437.1838173662        0.9731421285
       8.610000      438.8419762118        0.9892300462
       8.620000      440.5040788276        1.0051683615
       8.630000      442.1700968412        1.0209505206
       8.640000      443.8400018802        1.0365700717
       8.650000      445.5137655721        1.0520206640
       8.660000      447.1913595444        1.0672960464
       8.670000      448.8727554247        1.0823900661
       8.680000      450.5579248406        1.0972966679
       8.690000      452.2468394195        1.1120098925
       8.700000      453.9394707891        1.1265238757
       8.710000      455.6357905770        1.1408328471
       8.720000      457.3357704106        1.1549311293
       8.730000      459.0393819175        1.1688131361
       8.740000      460.7465967252        1.1824733721
       8.750000      462.4573864614        1.1959064314
       8.760000      464.1717227536        1.2091069963
       8.770000      465.8895772293        1.2220698364
       8.780000      467.6109215160        1.2347898077
       8.790000      469.3357272414        1.2472618514
       8.800000      471.0639660330        1.2594809927
       8.810000      472.7956095182        1.2714423401
       8.820000      474.5306293248        1.2831410845
       8.830000      476.2689970802        1.2945724975
       8.840000      478.0106844120        1.3057319314
       8.850000      479.7556629477        1.3166148175
       8.860000      481.5039043150        1.3272166653
       8.870000      483.2553801412        1.3375330618
       8.880000      485.0100620541        1.3475596702
       8.890000      486.7679216811        1.3572922294
       8.900000      488.5289306498        1.3667265528
       8.910000      490.2930605878        1.3758585273
       8.920000      492.0602831226        1.3846841126
       8.930000      493.8305698817        1.3931993405
       8.940000      495.6038924927        1.4014003134
       8.950000      497.3802225832        1.4092832041
       8.960000      499.1595317808        1.4168442547
       8.970000      500.9417917128        1.4240797756
       8.980000      502.7269740070        1.4309861448
       8.990000      504.5150502909        1.4375598072
       9.000000      506.3059921920        1.4437972735
       9.010000      508.0997713379        1.4496951196
       9.020000      509.8963593561        1.4552499859
       9.030000      511.6957278742        1.4604585760
       9.040000      513.4978485197        1.4653176567
       9.050000      515.3026929202        1.4698240565
       9.060000      517.1102327032        1.4739746653
       9.070000      518.9204394963        1.4777664334
       9.080000      520.7332849271        1.4811963709
       9.090000      522.5487406231        1.4842615469
       9.100000      524.3667782118        1.4869590889
       9.110000      526.1873693208        1.4892861817
       9.120000      528.0104855776        1.4912400671
       9.130000      529.8360986099        1.4928180431
       9.140000      531.6641800451        1.4940174631
       9.150000      533.4947015108        1.4948357352
       9.160000      535.3276346346        1.4952703216
       9.170000      537.1629510440        1.4953187381
       9.180000      539.0006223665        1.4949785529
       9.190000      540.8406202298        1.4942473867
       9.200000      542.6829162613        1.4931229112
       9.210000      544.5274820887        1.4916028493
       9.220000      546.3742893394        1.4896849737
       9.230000      548.2233096411        1.4873671069
       9.240000      550.0745146212        1.4846471203
       9.250000      551.9278759074        1.4815229334
       9.260000      553.7833651271        1.4779925135
       9.270000      555.6409539080        1.4740538751
       9.280000      557.5006138775        1.4697050791
       9.290000      559.3623166633        1.4649442322
       9.300000      561.2260338929        1.4597694867
       9.310000      563.0917371939        1.4541790396
       9.320000      564.9593981937        1.4481711318
       9.330000      566.8289885200        1.4417440481
       9.340000      568.7004798002        1.4348961165
       9.350000      570.5738436621        1.4276257072
       9.360000      572.4490517330        1.4199312326
       9.370000      574.3260756406        1.4118111467
       9.380000      576.2048870124        1.4032639440
       9.390000      578.0854574759        1.3942881599
       9.400000      579.9677586588        1.3848823693
       9.410000      581.8517621886        1.3750451868
       9.420000      583.7374396927        1.3647752655
       9.430000      585.6247627988        1.3540712974
       9.440000      587.5137031345        1.3429320118
       9.450000      589.4042323272        1.3313561758
       9.460000      591.2963220045        1.3193425934
       9.470000      593.1899437941        1.3068901048
       9.480000      595.0850693233        1.2939975863
       9.490000      596.9816702199        1.2806639498
       9.500000      598.8797181112        1.2668881421
       9.510000      600.7791846250        1.2526691446
       9.520000      602.6800413887        1.2380059728
       9.530000      604.5822600299        1.2228976761
       9.540000      606.4858121762        1.2073433369
       9.550000      608.3906694550        1.1913420706
       9.560000      610.2968034940        1.1748930247
       9.570000      612.2041859207        1.1579953791
       9.580000      614.1127883626        1.1406483449
       9.590000      616.0225824474        1.1228511644
       9.600000      617.9335398025        1.1046031107
       9.610000      619.8456320555        1.0859034871
       9.620000      621.7588308339        1.0667516269
       9.630000      623.6731077654        1.0471468927
       9.640000      625.5884344775        1.0270886766
       9.650000      627.5047825977        1.0065763992
       9.660000      629.4221237535        0.9856095093
       9.670000      631.3404295726        0.9641874839
       9.680000      633.2596716825        0.9423098276
       9.690000      635.1798217106        0.9199760721
       9.700000      637.1008512847        0.8971857760
       9.710000      639.0227320322        0.8739385243
       9.720000      640.9454355807        0.8502339285
       9.730000      642.8689335577        0.8260716254
       9.740000      644.7931975908        0.8014512776
       9.750000      646.7181993075        0.7763725726
       9.760000      648.6439103355        0.7508352228
       9.770000      650.5703023021        0.7248389648
       9.780000      652.4973468351        0.6983835594
       9.790000      654.4250155620        0.6714687913
       9.800000      656.3532801102        0.6440944684
       9.810000      658.2821121074        0.6162604217
       9.820000      660.2114831811        0.5879665052
       9.830000      662.1413649588        0.5592125951
       9.840000      664.0717290682        0.5299985900
       9.850000      666.0025471367        0.5003244102
       9.860000      667.9337907920        0.4701899976
       9.870000      669.8654316615        0.4395953153
       9.880000      671.7974413728        0.4085403474
       9.890000      673.7297915536        0.3770250986
       9.900000      675.6624538312        0.3450495941
       9.910000      677.5953998333        0.3126138789
       9.920000      679.5286011875        0.2797180182
       9.930000      681.4620295212        0.2463620963
       9.940000      683.3956564621        0.2125462170
       9.950000      685.3294536376        0.1782705030
       9.960000      687.2633926754        0.1435350957
       9.970000      689.1974452030        0.1083401548
       9.980000      691.1315828479        0.0726858584
       9.990000      693.0657772377        0.0365724023
      10.000000      695.0000000000        0.0000000000
