
natural spline
             x          Natural CS          N_Error(%) 
       1.010000        0.8429307174        0.4606731803
       1.020000        0.8443896288        0.9057998507
       1.030000        0.8458468975        1.3358340364
       1.040000        0.8473017023        1.7512118354
       1.050000        0.8487532220        2.1523522813
       1.060000        0.8502006352        2.5396581558
       1.070000        0.8516431206        2.9135167568
       1.080000        0.8530798569        3.2743006231
       1.090000        0.8545100229        3.6223682197
       1.100000        0.8559327972        3.9580645855
       1.110000        0.8573473585        4.2817219464
       1.120000        0.8587528855        4.5936602958
       1.130000        0.8601485570        4.8941879437
       1.140000        0.8615335517        5.1836020380
       1.150000        0.8629070482        5.4621890579
       1.160000        0.8642682252        5.7302252825
       1.170000        0.8656162615        5.9879772354
       1.180000        0.8669503358        6.2357021064
       1.190000        0.8682696267        6.4736481531
       1.200000        0.8695733130        6.7020550815
       1.210000        0.8708605734        6.9211544088
       1.220000        0.8721305866        7.1311698080
       1.230000        0.8733825312        7.3323174361
       1.240000        0.8746155860        7.5248062471
       1.250000        0.8758289297        7.7088382892
       1.260000        0.8770217409        7.8846089891
       1.270000        0.8781931985        8.0523074225
       1.280000        0.8793424811        8.2121165726
       1.290000        0.8804687673        8.3642135766
       1.300000        0.8815712360        8.5087699611
       1.310000        0.8826490657        8.6459518675
       1.320000        0.8837014353        8.7759202666
       1.330000        0.8847275234        8.8988311648
       1.340000        0.8857265087        9.0148358008
       1.350000        0.8866975699        9.1240808342
       1.360000        0.8876398858        9.2267085260
       1.370000        0.8885526350        9.3228569121
       1.380000        0.8894349962        9.4126599684
       1.390000        0.8902861481        9.4962477711
       1.400000        0.8911052695        9.5737466489
       1.410000        0.8918915390        9.6452793299
       1.420000        0.8926441354        9.7109650831
       1.430000        0.8933622373        9.7709198537
       1.440000        0.8940450234        9.8252563941
       1.450000        0.8946916726        9.8740843893
       1.460000        0.8953013633        9.9175105784
       1.470000        0.8958732745        9.9556388711
       1.480000        0.8964065847        9.9885704607
       1.490000        0.8969004726       10.0164039326
       1.500000        0.8973541171       10.0392353700
       1.510000        0.8977666967       10.0571584549
       1.520000        0.8981373902       10.0702645671
       1.530000        0.8984653763       10.0786428792
       1.540000        0.8987498337       10.0823804492
       1.550000        0.8989899410       10.0815623099
       1.560000        0.8991848771       10.0762715564
       1.570000        0.8993338205       10.0665894302
       1.580000        0.8994359501       10.0525954023
       1.590000        0.8994904445       10.0343672528
       1.600000        0.8994964823       10.0119811497
       1.610000        0.8994532424        9.9855117251
       1.620000        0.8993599034        9.9550321498
       1.630000        0.8992156440        9.9206142070
       1.640000        0.8990196429        9.8823283632
       1.650000        0.8987710789        9.8402438394
       1.660000        0.8984691306        9.7944286796
       1.670000        0.8981129767        9.7449498190
       1.680000        0.8977017960        9.6918731514
       1.690000        0.8972347671        9.6352635949
       1.700000        0.8967110687        9.5751851576
       1.710000        0.8961298796        9.5117010027
       1.720000        0.8954903784        9.4448735120
       1.730000        0.8947917439        9.3747643504
       1.740000        0.8940331548        9.3014345294
       1.750000        0.8932137897        9.2249444701
       1.760000        0.8923328274        9.1453540666
       1.770000        0.8913894465        9.0627227495
       1.780000        0.8903828258        8.9771095491
       1.790000        0.8893121440        8.8885731591
       1.800000        0.8881765798        8.7971720009
       1.810000        0.8869753118        8.7029642877
       1.820000        0.8857075188        8.6060080903
       1.830000        0.8843723796        8.5063614024
       1.840000        0.8829690727        8.4040822081
       1.850000        0.8814967769        8.2992285490
       1.860000        0.8799546709        8.1918585939
       1.870000        0.8783419334        8.0820307084
       1.880000        0.8766577431        7.9698035272
       1.890000        0.8749012788        7.8552360272
       1.900000        0.8730717190        7.7383876027
       1.910000        0.8711682426        7.6193181424
       1.920000        0.8691900282        7.4980881084
       1.930000        0.8671362545        7.3747586182
       1.940000        0.8650061002        7.2493915283
       1.950000        0.8627987441        7.1220495211
       1.960000        0.8605133648        6.9927961946
       1.970000        0.8581491410        6.8616961549
       1.980000        0.8557052515        6.7288151133
       1.990000        0.8531808749        6.5942199854
       2.000000        0.8505751900        6.4579789956
       2.010000        0.8478873754        6.3201617850
       2.020000        0.8451166099        6.1808395246
       2.030000        0.8422620722        6.0400850325
       2.040000        0.8393229409        5.8979728973
       2.050000        0.8362983947        5.7545796067
       2.060000        0.8331876125        5.6099836822
       2.070000        0.8299897728        5.4642658202
       2.080000        0.8267040544        5.3175090407
       2.090000        0.8233296360        5.1697988425
       2.100000        0.8198656962        5.0212233676
       2.110000        0.8163114139        4.8718735732
       2.120000        0.8126659676        4.7218434134
       2.130000        0.8089285361        4.5712300312
       2.140000        0.8050982982        4.4201339605
       2.150000        0.8011744324        4.2686593397
       2.160000        0.7971561175        4.1169141381
       2.170000        0.7930425323        3.9650103952
       2.180000        0.7888328553        3.8130644737
       2.190000        0.7845262654        3.6611973291
       2.200000        0.7801219412        3.5095347942
       2.210000        0.7756190614        3.3582078827
       2.220000        0.7710168048        3.2073531111
       2.230000        0.7663143500        3.0571128415
       2.240000        0.7615108757        2.9076356468
       2.250000        0.7566055606        2.7590766994
       2.260000        0.7515975835        2.6115981865
       2.270000        0.7464861230        2.4653697533
       2.280000        0.7412703579        2.3205689760
       2.290000        0.7359494668        2.1773818688
       2.300000        0.7305226285        2.0360034253
       2.310000        0.7249890217        1.8966382000
       2.320000        0.7193478250        1.7595009305
       2.330000        0.7135982171        1.6248172062
       2.340000        0.7077393769        1.4928241866
       2.350000        0.7017704829        1.3637713735
       2.360000        0.6956907139        1.2379214420
       2.370000        0.6894992485        1.1155511365
       2.380000        0.6831952656        0.9969522366
       2.390000        0.6767779437        0.8824325996
       2.400000        0.6702464616        0.7723172881
       2.410000        0.6635999981        0.6669497882
       2.420000        0.6568377317        0.5666933310
       2.430000        0.6499588412        0.4719323233
       2.440000        0.6429625053        0.3830739021
       2.450000        0.6358479027        0.3005496228
       2.460000        0.6286142122        0.2248172966
       2.470000        0.6212606123        0.1563629914
       2.480000        0.6137862819        0.0957032149
       2.490000        0.6061903996        0.0433872978
       2.500000        0.5984721441        0.0000000007
       2.510000        0.5906318171        0.0340258308
       2.520000        0.5826742124        0.0589978976
       2.530000        0.5746052464        0.0754300048
       2.540000        0.5664308360        0.0838590567
       2.550000        0.5581568977        0.0848474376
       2.560000        0.5497893483        0.0789856307
       2.570000        0.5413341043        0.0668951039
       2.580000        0.5327970825        0.0492314967
       2.590000        0.5241841994        0.0266881461
       2.600000        0.5155013718        0.0000000042
       2.610000        0.5067537562        0.0302020151
       2.620000        0.4979434685        0.0638567979
       2.630000        0.4890718646        0.1010571837
       2.640000        0.4801403004        0.1419056835
       2.650000        0.4711501316        0.1865154000
       2.660000        0.4621027143        0.2350110553
       2.670000        0.4529994041        0.2875301498
       2.680000        0.4438415569        0.3442242738
       2.690000        0.4346305286        0.4052605946
       2.700000        0.4253676751        0.4708235473
       2.710000        0.4160543522        0.5411167610
       2.720000        0.4066919157        0.6163652624
       2.730000        0.3972817215        0.6968180000
       2.740000        0.3878251254        0.7827507476
       2.750000        0.3783234833        0.8744694545
       2.760000        0.3687781510        0.9723141230
       2.770000        0.3591904844        1.0766633132
       2.780000        0.3495618393        1.1879393973
       2.790000        0.3398935716        1.3066147113
       2.800000        0.3301870370        1.4332187881
       2.810000        0.3204435916        1.5683469018
       2.820000        0.3106645911        1.7126702059
       2.830000        0.3008513913        1.8669478262
       2.840000        0.2910053482        2.0320413595
       2.850000        0.2811278175        2.2089323580
       2.860000        0.2712201551        2.3987435391
       2.870000        0.2612837169        2.6027646832
       2.880000        0.2513198587        2.8224844718
       2.890000        0.2413299363        3.0596299198
       2.900000        0.2313153056        3.3162156023
       2.910000        0.2212773225        3.5946056350
       2.920000        0.2112173428        3.8975924392
       2.930000        0.2011367223        4.2284978421
       2.940000        0.1910368169        4.5913042683
       2.950000        0.1809189824        4.9908270177
       2.960000        0.1707845748        5.4329434660
       2.970000        0.1606349497        5.9249024102
       2.980000        0.1504714632        6.4757482760
       2.990000        0.1402954709        7.0969132265
       3.000000        0.1301083289        7.8030601786
       3.010000        0.1199113929        8.6133101957
       3.020000        0.1097060188        9.5530755390
       3.030000        0.0994935623       10.6568782968
       3.040000        0.0892753795       11.9728336787
       3.050000        0.0790528261       13.5700702031
       3.060000        0.0688272579       15.5516063965
       3.070000        0.0586000309       18.0780191298
       3.080000        0.0483725008       21.4141682817
       3.090000        0.0381460235       26.0302601408
       3.100000        0.0279219549       32.8487010768
       3.110000        0.0177016508       43.9597697078
       3.120000        0.0074864671       65.3259436709
       3.130000       -0.0027222405      123.4829877899
       3.140000       -0.0129231159      911.4207310651
       3.150000       -0.0231148035      174.9390200497
       3.160000       -0.0332959474       80.8942308918
       3.170000       -0.0434651916       53.0274508238
       3.180000       -0.0536211804       39.6461111411
       3.190000       -0.0637625579       31.7722858349
       3.200000       -0.0738879683       26.5765353167
       3.210000       -0.0839960556       22.8838811574
       3.220000       -0.0940854642       20.1187636239
       3.230000       -0.1041548380       17.9660318788
       3.240000       -0.1142028214       16.2386320401
       3.250000       -0.1242280583       14.8185256670
       3.260000       -0.1342291930       13.6275463443
       3.270000       -0.1442048697       12.6118739037
       3.280000       -0.1541537324       11.7332391160
       3.290000       -0.1640744253       10.9636842601
       3.300000       -0.1739655926       10.2823082316
       3.310000       -0.1838258785        9.6731712991
       3.320000       -0.1936539270        9.1239045090
       3.330000       -0.2034483824        8.6247619359
       3.340000       -0.2132078887        8.1679595394
       3.350000       -0.2229310902        7.7472043604
       3.360000       -0.2326166310        7.3573530539
       3.370000       -0.2422631553        6.9941601200
       3.380000       -0.2518693071        6.6540894960
       3.390000       -0.2614337307        6.3341716547
       3.400000       -0.2709550701        6.0318938826
       3.410000       -0.2804319696        5.7451150834
       3.420000       -0.2898630734        5.4719989409
       3.430000       -0.2992470255        5.2109609861
       3.440000       -0.3085824700        4.9606263047
       3.450000       -0.3178680513        4.7197954719
       3.460000       -0.3271024133        4.4874169050
       3.470000       -0.3362842004        4.2625642652
       3.480000       -0.3454120565        4.0444178654
       3.490000       -0.3544846259        3.8322492775
       3.500000       -0.3635005527        3.6254085157
       3.510000       -0.3724584811        3.4233133056
       3.520000       -0.3813570552        3.2254400530
       3.530000       -0.3901949192        3.0313162068
       3.540000       -0.3989707172        2.8405137700
       3.550000       -0.4076830934        2.6526437627
       3.560000       -0.4163306919        2.4673514781
       3.570000       -0.4249121569        2.2843124004
       3.580000       -0.4334261325        2.1032286805
       3.590000       -0.4418712629        1.9238260813
       3.600000       -0.4502461923        1.7458513219
       3.610000       -0.4585495648        1.5690697591
       3.620000       -0.4667800244        1.3932633598
       3.630000       -0.4749362155        1.2182289188
       3.640000       -0.4830167822        1.0437764916
       3.650000       -0.4910203685        0.8697280085
       3.660000       -0.4989456187        0.6959160490
       3.670000       -0.5067911768        0.5221827525
       3.680000       -0.5145556872        0.3483788492
       3.690000       -0.5222377938        0.1743627951
       3.700000       -0.5298361409        0.0000000016
       3.710000       -0.5373496193        0.1747920414
       3.720000       -0.5447781068        0.3499124908
       3.730000       -0.5521217278        0.5252244111
       3.740000       -0.5593806068        0.7006011253
       3.750000       -0.5665548682        0.8759253549
       3.760000       -0.5736446365        1.0510884402
       3.770000       -0.5806500362        1.2259896366
       3.780000       -0.5875711917        1.4005354757
       3.790000       -0.5944082274        1.5746391874
       3.800000       -0.6011612679        1.7482201735
       3.810000       -0.6078304375        1.9212035295
       3.820000       -0.6144158607        2.0935196093
       3.830000       -0.6209176621        2.2651036269
       3.840000       -0.6273359660        2.4358952938
       3.850000       -0.6336708968        2.6058384866
       3.860000       -0.6399225792        2.7748809426
       3.870000       -0.6460911374        2.9429739808
       3.880000       -0.6521766961        3.1100722459
       3.890000       -0.6581793795        3.2761334727
       3.900000       -0.6640993122        3.4411182694
       3.910000       -0.6699366187        3.6049899185
       3.920000       -0.6756914234        3.7677141921
       3.930000       -0.6813638507        3.9292591826
       3.940000       -0.6869540251        4.0895951455
       3.950000       -0.6924620711        4.2486943544
       3.960000       -0.6978881131        4.4065309664
       3.970000       -0.7032322756        4.5630808982
       3.980000       -0.7084946830        4.7183217097
       3.990000       -0.7136754598        4.8722324979
       4.000000       -0.7187747305        5.0247937967
       4.010000       -0.7237926194        5.1759874843
       4.020000       -0.7287292512        5.3257966976
       4.030000       -0.7335847501        5.4742057517
       4.040000       -0.7383592407        5.6212000652
       4.050000       -0.7430528474        5.7667660906
       4.060000       -0.7476656948        5.9108912491
       4.070000       -0.7521979071        6.0535638702
       4.080000       -0.7566496090        6.1947731346
       4.090000       -0.7610209248        6.3345090216
       4.100000       -0.7653119790        6.4727622588
       4.110000       -0.7695228961        6.6095242762
       4.120000       -0.7736538006        6.7447871624
       4.130000       -0.7777048168        6.8785436237
       4.140000       -0.7816760692        7.0107869460
       4.150000       -0.7855676824        7.1415109585
       4.160000       -0.7893797806        7.2707100004
       4.170000       -0.7931124885        7.3983788889
       4.180000       -0.7967659305        7.5245128893
       4.190000       -0.8003402310        7.6491076872
       4.200000       -0.8038355144        7.7721593618
       4.210000       -0.8072519053        7.8936643616
       4.220000       -0.8105895281        8.0136194802
       4.230000       -0.8138485072        8.1320218348
       4.240000       -0.8170289671        8.2488688453
       4.250000       -0.8201310323        8.3641582144
       4.260000       -0.8231548272        8.4778879096
       4.270000       -0.8261004763        8.5900561450
       4.280000       -0.8289681040        8.7006613655
       4.290000       -0.8317578347        8.8097022306
       4.300000       -0.8344697931        8.9171776000
       4.310000       -0.8371041034        9.0230865194
       4.320000       -0.8396608901        9.1274282076
       4.330000       -0.8421402778        9.2302020435
       4.340000       -0.8445423909        9.3314075549
       4.350000       -0.8468673537        9.4310444065
       4.360000       -0.8491152909        9.5291123900
       4.370000       -0.8512863268        9.6256114137
       4.380000       -0.8533805859        9.7205414927
       4.390000       -0.8553981926        9.8139027403
       4.400000       -0.8573392714        9.9056953590
       4.410000       -0.8592039468        9.9959196326
       4.420000       -0.8609923432       10.0845759181
       4.430000       -0.8627045851       10.1716646388
       4.440000       -0.8643407969       10.2571862768
       4.450000       -0.8659011031       10.3411413665
       4.460000       -0.8673856282       10.4235304885
       4.470000       -0.8687944965       10.5043542631
       4.480000       -0.8701278327       10.5836133450
       4.490000       -0.8713857610       10.6613084174
       4.500000       -0.8725684060       10.7374401872
       4.510000       -0.8736758921       10.8120093797
       4.520000       -0.8747083438       10.8850167340
       4.530000       -0.8756658855       10.9564629985
       4.540000       -0.8765486418       11.0263489265
       4.550000       -0.8773567370       11.0946752722
       4.560000       -0.8780902956       11.1614427866
       4.570000       -0.8787494420       11.2266522140
       4.580000       -0.8793343008       11.2903042881
       4.590000       -0.8798449964       11.3523997287
       4.600000       -0.8802816532       11.4129392386
       4.610000       -0.8806443957       11.4719235002
       4.620000       -0.8809333483       11.5293531726
       4.630000       -0.8811486355       11.5852288887
       4.640000       -0.8812903818       11.6395512525
       4.650000       -0.8813587117       11.6923208364
       4.660000       -0.8813537494       11.7435381785
       4.670000       -0.8812756197       11.7932037807
       4.680000       -0.8811244468       11.8413181057
       4.690000       -0.8809003552       11.8878815752
       4.700000       -0.8806034695       11.9328945675
       4.710000       -0.8802339140       11.9763574157
       4.720000       -0.8797918132       12.0182704054
       4.730000       -0.8792772916       12.0586337730
       4.740000       -0.8786904736       12.0974477036
       4.750000       -0.8780314837       12.1347123297
       4.760000       -0.8773004463       12.1704277288
       4.770000       -0.8764974860       12.2045939224
       4.780000       -0.8756227270       12.2372108740
       4.790000       -0.8746762940       12.2682784877
       4.800000       -0.8736583114       12.2977966066
       4.810000       -0.8725689035       12.3257650116
       4.820000       -0.8714081950       12.3521834194
       4.830000       -0.8701763102       12.3770514822
       4.840000       -0.8688733735       12.4003687852
       4.850000       -0.8674995096       12.4221348461
       4.860000       -0.8660548427       12.4423491137
       4.870000       -0.8645394974       12.4610109666
       4.880000       -0.8629535980       12.4781197120
       4.890000       -0.8612972692       12.4936745847
       4.900000       -0.8595706353       12.5076747459
       4.910000       -0.8577738208       12.5201192820
       4.920000       -0.8559069501       12.5310072040
       4.930000       -0.8539701477       12.5403374460
       4.940000       -0.8519635381       12.5481088643
       4.950000       -0.8498872457       12.5543202365
       4.960000       -0.8477413949       12.5589702607
       4.970000       -0.8455261103       12.5620575543
       4.980000       -0.8432415163       12.5635806530
       4.990000       -0.8408877373       12.5635380103
       5.000000       -0.8384648977       12.5619279964
       5.010000       -0.8359731222       12.5587488972
       5.020000       -0.8334125350       12.5539989136
       5.030000       -0.8307832607       12.5476761608
       5.040000       -0.8280854237       12.5397786672
       5.050000       -0.8253191485       12.5303043738
       5.060000       -0.8224845596       12.5192511333
       5.070000       -0.8195817813       12.5066167094
       5.080000       -0.8166109382       12.4923987761
       5.090000       -0.8135721546       12.4765949167
       5.100000       -0.8104655551       12.4592026232
       5.110000       -0.8072912642       12.4402192959
       5.120000       -0.8040494062       12.4196422420
       5.130000       -0.8007401056       12.3974686755
       5.140000       -0.7973634869       12.3736957164
       5.150000       -0.7939196746       12.3483203895
       5.160000       -0.7904087931       12.3213396246
       5.170000       -0.7868309668       12.2927502552
       5.180000       -0.7831863202       12.2625490179
       5.190000       -0.7794749778       12.2307325522
       5.200000       -0.7756970640       12.1972973995
       5.210000       -0.7718527033       12.1622400026
       5.220000       -0.7679420201       12.1255567051
       5.230000       -0.7639651389       12.0872437508
       5.240000       -0.7599221842       12.0472972835
       5.250000       -0.7558132803       12.0057133457
       5.260000       -0.7516385518       11.9624878790
       5.270000       -0.7473981232       11.9176167229
       5.280000       -0.7430921188       11.8710956147
       5.290000       -0.7387206632       11.8229201888
       5.300000       -0.7342838807       11.7730859766
       5.310000       -0.7297818959       11.7215884058
       5.320000       -0.7252148332       11.6684228001
       5.330000       -0.7205828170       11.6135843790
       5.340000       -0.7158859718       11.5570682575
       5.350000       -0.7111244222       11.4988694456
       5.360000       -0.7062982924       11.4389828483
       5.370000       -0.7014077070       11.3774032654
       5.380000       -0.6964527905       11.3141253913
       5.390000       -0.6914336673       11.2491438152
       5.400000       -0.6863504618       11.1824530206
       5.410000       -0.6812032985       11.1140473857
       5.420000       -0.6759923019       11.0439211837
       5.430000       -0.6707175964       10.9720685826
       5.440000       -0.6653793065       10.8984836457
       5.450000       -0.6599775566       10.8231603321
       5.460000       -0.6545124712       10.7460924969
       5.470000       -0.6489841748       10.6672738923
       5.480000       -0.6433927917       10.5866981677
       5.490000       -0.6377384465       10.5043588712
       5.500000       -0.6320212637       10.4202494502
       5.510000       -0.6262413676       10.3343632528
       5.520000       -0.6203988827       10.2466935291
       5.530000       -0.6144939335       10.1572334327
       5.540000       -0.6085266445       10.0659760229
       5.550000       -0.6024971401        9.9729142662
       5.560000       -0.5964055447        9.8780410390
       5.570000       -0.5902519828        9.7813491300
       5.580000       -0.5840365789        9.6828312436
       5.590000       -0.5777594574        9.5824800026
       5.600000       -0.5714207429        9.4802879524
       5.610000       -0.5650205596        9.3762475649
       5.620000       -0.5585590321        9.2703512434
       5.630000       -0.5520362849        9.1625913278
       5.640000       -0.5454524424        9.0529601006
       5.650000       -0.5388076291        8.9414497932
       5.660000       -0.5321019693        8.8280525932
       5.670000       -0.5253355877        8.7127606533
       5.680000       -0.5185086086        8.5955660996
       5.690000       -0.5116211565        8.4764610424
       5.700000       -0.5046733558        8.3554375878
       5.710000       -0.4976653310        8.2324878501
       5.720000       -0.4905972066        8.1076039667
       5.730000       -0.4834691070        7.9807781140
       5.740000       -0.4762811566        7.8520025259
       5.750000       -0.4690334800        7.7212695138
       5.760000       -0.4617262016        7.5885714900
       5.770000       -0.4543594458        7.4539009930
       5.780000       -0.4469333372        7.3172507175
       5.790000       -0.4394480000        7.1786135466
       5.800000       -0.4319035589        7.0379825897
       5.810000       -0.4243001383        6.8953512244
       5.820000       -0.4166378625        6.7507131450
       5.830000       -0.4089168562        6.6040624165
       5.840000       -0.4011372437        6.4553935380
       5.850000       -0.3932991495        6.3047015132
       5.860000       -0.3854026980        6.1519819325
       5.870000       -0.3774480137        5.9972310672
       5.880000       -0.3694352211        5.8404459776
       5.890000       -0.3613644446        5.6816246385
       5.900000       -0.3532358087        5.5207660843
       5.910000       -0.3450494378        5.3578705778
       5.920000       -0.3368054565        5.1929398081
       5.930000       -0.3285039890        5.0259771215
       5.940000       -0.3201451600        4.8569877941
       5.950000       -0.3117290938        4.6859793533
       5.960000       -0.3032559149        4.5129619600
       5.970000       -0.2947257478        4.3379488643
       5.980000       -0.2861387169        4.1609569521
       5.990000       -0.2774949467        3.9820074045
       6.000000       -0.2687945617        3.8011264963
       6.010000       -0.2600376862        3.6183465725
       6.020000       -0.2512244448        3.4337072464
       6.030000       -0.2423549619        3.2472568833
       6.040000       -0.2334293620        3.0590544510
       6.050000       -0.2244477695        2.8691718471
       6.060000       -0.2154103088        2.6776968531
       6.070000       -0.2063171045        2.4847369207
       6.080000       -0.1971682810        2.2904240777
       6.090000       -0.1879639628        2.0949213582
       6.100000       -0.1787042742        1.8984313404
       6.110000       -0.1693893398        1.7012076438
       6.120000       -0.1600192840        1.5035706551
       6.130000       -0.1505942313        1.3059294151
       6.140000       -0.1411143062        1.1088126791
       6.150000       -0.1315796330        0.9129139714
       6.160000       -0.1219903362        0.7191585872
       6.170000       -0.1123465404        0.5288061148
       6.180000       -0.1026483699        0.3436125741
       6.190000       -0.0928959492        0.1660969572
       6.200000       -0.0830894028        0.0000000211
       6.210000       -0.0732299668        0.1504011505
       6.220000       -0.0633233242        0.2851482471
       6.230000       -0.0533762695        0.4063804631
       6.240000       -0.0433955975        0.5181897702
       6.250000       -0.0333881027        0.6295693164
       6.260000       -0.0233605798        0.7649918056
       6.270000       -0.0133198234        1.0231249682
       6.280000       -0.0032726281        2.7415401848
       6.290000        0.0067742114        0.5932622701
       6.300000        0.0168139005        0.0000000931
       6.310000        0.0268408711        0.1096230993
       6.320000        0.0368544611        0.1306393888
       6.330000        0.0468552348        0.1231688163
       6.340000        0.0568437566        0.1050017463
       6.350000        0.0668205910        0.0832764646
       6.360000        0.0767863024        0.0614133455
       6.370000        0.0867414551        0.0412566280
       6.380000        0.0966866134        0.0238888454
       6.390000        0.1066223419        0.0099877742
       6.400000        0.1165492049        0.0000000425
       6.410000        0.1264674324        0.0060318088
       6.420000        0.1363759166        0.0090574481
       6.430000        0.1462732157        0.0099970003
       6.440000        0.1561578874        0.0095369701
       6.450000        0.1660284897        0.0082004184
       6.460000        0.1758835806        0.0063933253
       6.470000        0.1857217179        0.0044360642
       6.480000        0.1955414597        0.0025852810
       6.490000        0.2053413638        0.0010494270
       6.500000        0.2151199881        0.0000000057
       6.510000        0.2248760134        0.0004748163
       6.520000        0.2346086115        0.0005095932
       6.530000        0.2443170769        0.0002665471
       6.540000        0.2540007042        0.0001180203
       6.550000        0.2636587880        0.0005288680
       6.560000        0.2732906227        0.0008680171
       6.570000        0.2828955031        0.0010517483
       6.580000        0.2924727237        0.0010082064
       6.590000        0.3020215789        0.0006754727
       6.600000        0.3115413635        0.0000000043
       6.610000        0.3210312367        0.0010225251
       6.620000        0.3304898171        0.0022315631
       6.630000        0.3399155881        0.0034438462
       6.640000        0.3493070329        0.0044949861
       6.650000        0.3586626350        0.0052368088
       6.660000        0.3679808776        0.0055351159
       6.670000        0.3772602441        0.0052677923
       6.680000        0.3864992179        0.0043231991
       6.690000        0.3956962823        0.0025988020
       6.700000        0.4048499206        0.0000000041
       6.710000        0.4139587637        0.0035252736
       6.720000        0.4230220324        0.0078866060
       6.730000        0.4320390952        0.0129685521
       6.740000        0.4410093205        0.0186665605
       6.750000        0.4499320766        0.0248858180
       6.760000        0.4588067320        0.0315402348
       6.770000        0.4676326550        0.0385515565
       6.780000        0.4764092141        0.0458485825
       6.790000        0.4851357776        0.0533664787
       6.800000        0.4938117139        0.0610461691
       6.810000        0.5024363914        0.0688337984
       6.820000        0.5110091786        0.0766802536
       6.830000        0.5195294437        0.0845407399
       6.840000        0.5279965553        0.0923744021
       6.850000        0.5364098817        0.1001439862
       6.860000        0.5447687913        0.1078155376
       6.870000        0.5530726525        0.1153581291
       6.880000        0.5613208337        0.1227436185
       6.890000        0.5695127032        0.1299464288
       6.900000        0.5776476296        0.1369433517
       6.910000        0.5857249811        0.1437133695
       6.920000        0.5937441262        0.1502374942
       6.930000        0.6017044333        0.1564986229
       6.940000        0.6096052707        0.1624814055
       6.950000        0.6174460069        0.1681721258
       6.960000        0.6252260102        0.1735585936
       6.970000        0.6329446491        0.1786300458
       6.980000        0.6406012920        0.1833770573
       6.990000        0.6481953071        0.1877914602
       7.000000        0.6557260630        0.1918662691
       7.010000        0.6631929281        0.1955956142
       7.020000        0.6705952706        0.1989746799
       7.030000        0.6779324591        0.2019996488
       7.040000        0.6852038619        0.2046676506
       7.050000        0.6924088474        0.2069767161
       7.060000        0.6995467841        0.2089257344
       7.070000        0.7066170402        0.2105144147
       7.080000        0.7136189842        0.2117432511
       7.090000        0.7205519845        0.2126134907
       7.100000        0.7274154095        0.2131271046
       7.110000        0.7342086276        0.2132867619
       7.120000        0.7409310072        0.2130958055
       7.130000        0.7475819166        0.2125582307
       7.140000        0.7541607243        0.2116786661
       7.150000        0.7606667987        0.2104623561
       7.160000        0.7670995081        0.2089151449
       7.170000        0.7734582210        0.2070434634
       7.180000        0.7797423057        0.2048543164
       7.190000        0.7859511307        0.2023552720
       7.200000        0.7920840643        0.1995544524
       7.210000        0.7981404749        0.1964605257
       7.220000        0.8041197310        0.1930826993
       7.230000        0.8100212009        0.1894307139
       7.240000        0.8158442531        0.1855148396
       7.250000        0.8215882558        0.1813458721
       7.260000        0.8272525776        0.1769351302
       7.270000        0.8328365867        0.1722944548
       7.280000        0.8383396517        0.1674362076
       7.290000        0.8437611409        0.1623732724
       7.300000        0.8491004226        0.1571190555
       7.310000        0.8543568654        0.1516874882
       7.320000        0.8595298375        0.1460930294
       7.330000        0.8646187074        0.1403506692
       7.340000        0.8696228435        0.1344759336
       7.350000        0.8745416142        0.1284848891
       7.360000        0.8793743878        0.1223941488
       7.370000        0.8841205328        0.1162208791
       7.380000        0.8887794175        0.1099828066
       7.390000        0.8933504104        0.1036982262
       7.400000        0.8978328799        0.0973860098
       7.410000        0.9022261942        0.0910656156
       7.420000        0.9065297219        0.0847570982
       7.430000        0.9107428314        0.0784811189
       7.440000        0.9148648910        0.0722589576
       7.450000        0.9188952691        0.0661125248
       7.460000        0.9228333341        0.0600643739
       7.470000        0.9266784544        0.0541377154
       7.480000        0.9304299984        0.0483564305
       7.490000        0.9340873346        0.0427450864
       7.500000        0.9376498312        0.0373289517
       7.510000        0.9411168567        0.0321340131
       7.520000        0.9444877796        0.0271869922
       7.530000        0.9477619681        0.0225153638
       7.540000        0.9509387907        0.0181473743
       7.550000        0.9540176157        0.0141120615
       7.560000        0.9569978117        0.0104392749
       7.570000        0.9598787469        0.0071596970
       7.580000        0.9626597897        0.0043048650
       7.590000        0.9653403086        0.0019071946
       7.600000        0.9679196720        0.0000000033
       7.610000        0.9703974057        0.0013986889
       7.620000        0.9727736652        0.0023344895
       7.630000        0.9750487636        0.0028674307
       7.640000        0.9772230138        0.0030557398
       7.650000        0.9792967290        0.0029559143
       7.660000        0.9812702221        0.0026227950
       7.670000        0.9831438061        0.0021096348
       7.680000        0.9849177941        0.0014681657
       7.690000        0.9865924990        0.0007486620
       7.700000        0.9881682339        0.0000000023
       7.710000        0.9896452520        0.0007363107
       7.720000        0.9910235676        0.0014441416
       7.730000        0.9923031350        0.0021144511
       7.740000        0.9934839088        0.0027392240
       7.750000        0.9945658434        0.0033114556
       7.760000        0.9955488933        0.0038251399
       7.770000        0.9964330128        0.0042752593
       7.780000        0.9972181565        0.0046577752
       7.790000        0.9979042789        0.0049696209
       7.800000        0.9984913343        0.0052086952
       7.810000        0.9989792772        0.0053738573
       7.820000        0.9993680621        0.0054649240
       7.830000        0.9996576435        0.0054826672
       7.840000        0.9998479757        0.0054288130
       7.850000        0.9999390133        0.0053060427
       7.860000        0.9999307107        0.0051179948
       7.870000        0.9998230223        0.0048692677
       7.880000        0.9996159026        0.0045654250
       7.890000        0.9993093061        0.0042130013
       7.900000        0.9989031872        0.0038195094
       7.910000        0.9983975003        0.0033934493
       7.920000        0.9977922000        0.0029443180
       7.930000        0.9970872407        0.0024826217
       7.940000        0.9962825767        0.0020198882
       7.950000        0.9953781627        0.0015686819
       7.960000        0.9943739530        0.0011426193
       7.970000        0.9932699021        0.0007563872
       7.980000        0.9920659644        0.0004257612
       7.990000        0.9907620944        0.0001676270
       8.000000        0.9893582466        0.0000000024
       8.010000        0.9878544542        0.0000659198
       8.020000        0.9862510660        0.0000497934
       8.030000        0.9845485094        0.0000216481
       8.040000        0.9827472119        0.0001225282
       8.050000        0.9808476012        0.0002278072
       8.060000        0.9788501046        0.0003132626
       8.070000        0.9767551498        0.0003554709
       8.080000        0.9745631642        0.0003317901
       8.090000        0.9722745754        0.0002203437
       8.100000        0.9698898108        0.0000000046
       8.110000        0.9674091820        0.0003376280
       8.120000        0.9648325366        0.0007520145
       8.130000        0.9621596061        0.0011891725
       8.140000        0.9593901219        0.0015935359
       8.150000        0.9565238156        0.0019078787
       8.160000        0.9535604188        0.0020732373
       8.170000        0.9504996630        0.0020288274
       8.180000        0.9473412797        0.0017119583
       8.190000        0.9440850004        0.0010579426
       8.200000        0.9407305567        0.0000000022
       8.210000        0.9372778394        0.0015138331
       8.220000        0.9337273767        0.0034693204
       8.230000        0.9300798560        0.0058361472
       8.240000        0.9263359647        0.0085847856
       8.250000        0.9224963904        0.0116864727
       8.260000        0.9185618203        0.0151131911
       8.270000        0.9145329421        0.0188376506
       8.280000        0.9104104432        0.0228332702
       8.290000        0.9061950110        0.0270741614
       8.300000        0.9018873329        0.0315351110
       8.310000        0.8974880964        0.0361915664
       8.320000        0.8929979890        0.0410196195
       8.330000        0.8884176981        0.0459959931
       8.340000        0.8837479111        0.0510980265
       8.350000        0.8789893155        0.0563036626
       8.360000        0.8741425989        0.0615914356
       8.370000        0.8692084485        0.0669404586
       8.380000        0.8641875519        0.0723304124
       8.390000        0.8590805964        0.0777415351
       8.400000        0.8538882697        0.0831546116
       8.410000        0.8486112590        0.0885509644
       8.420000        0.8432502520        0.0939124445
       8.430000        0.8378059359        0.0992214231
       8.440000        0.8322789983        0.1044607843
       8.450000        0.8266701266        0.1096139174
       8.460000        0.8209800082        0.1146647109
       8.470000        0.8152093307        0.1195975469
       8.480000        0.8093587815        0.1243972953
       8.490000        0.8034290479        0.1290493099
       8.500000        0.7974208175        0.1335394244
       8.510000        0.7913347778        0.1378539493
       8.520000        0.7851716161        0.1419796695
       8.530000        0.7789320199        0.1459038429
       8.540000        0.7726166766        0.1496141992
       8.550000        0.7662262738        0.1530989404
       8.560000        0.7597614989        0.1563467410
       8.570000        0.7532230393        0.1593467504
       8.580000        0.7466115824        0.1620885951
       8.590000        0.7399278157        0.1645623828
       8.600000        0.7331724268        0.1667587066
       8.610000        0.7263461029        0.1686686515
       8.620000        0.7194495316        0.1702838010
       8.630000        0.7124834003        0.1715962458
       8.640000        0.7054483965        0.1725985931
       8.650000        0.6983452077        0.1732839783
       8.660000        0.6911745211        0.1736460774
       8.670000        0.6839370244        0.1736791216
       8.680000        0.6766334050        0.1733779138
       8.690000        0.6692643503        0.1727378467
       8.700000        0.6618305478        0.1717549236
       8.710000        0.6543326849        0.1704257810
       8.720000        0.6467714490        0.1687477144
       8.730000        0.6391475277        0.1667187063
       8.740000        0.6314616084        0.1643374581
       8.750000        0.6237143785        0.1616034245
       8.760000        0.6159065254        0.1585168522
       8.770000        0.6080387367        0.1550788228
       8.780000        0.6001116997        0.1512912999
       8.790000        0.5921261020        0.1471571815
       8.800000        0.5840826309        0.1426803578
       8.810000        0.5759819740        0.1378657757
       8.820000        0.5678248187        0.1327195095
       8.830000        0.5596118523        0.1272488398
       8.840000        0.5513437625        0.1214623410
       8.850000        0.5430212366        0.1153699783
       8.860000        0.5346449620        0.1089832158
       8.870000        0.5262156263        0.1023151365
       8.880000        0.5177339169        0.0953805762
       8.890000        0.5092005212        0.0881962730
       8.900000        0.5006161266        0.0807810343
       8.910000        0.4919814207        0.0731559242
       8.920000        0.4832970909        0.0653444727
       8.930000        0.4745638246        0.0573729117
       8.940000        0.4657823093        0.0492704407
       8.950000        0.4569532324        0.0410695256
       8.960000        0.4480772814        0.0328062382
       8.970000        0.4391551437        0.0245206392
       8.980000        0.4301875068        0.0162572146
       8.990000        0.4211750582        0.0080653724
       9.000000        0.4121184852        0.0000000101
       9.010000        0.4030185284        0.0078909870
       9.020000        0.3938761401        0.0156079042
       9.030000        0.3846923258        0.0231636029
       9.040000        0.3754680911        0.0305709782
       9.050000        0.3662044412        0.0378430061
       9.060000        0.3569023817        0.0449927971
       9.070000        0.3475629180        0.0520336574
       9.080000        0.3381870556        0.0589791611
       9.090000        0.3287757998        0.0658432337
       9.100000        0.3193301562        0.0726402502
       9.110000        0.3098511302        0.0793851519
       9.120000        0.3003397272        0.0860935847
       9.130000        0.2907969527        0.0927820643
       9.140000        0.2812238121        0.0994681770
       9.150000        0.2716213108        0.1061708219
       9.160000        0.2619904544        0.1129105082
       9.170000        0.2523322483        0.1197097214
       9.180000        0.2426476978        0.1265933784
       9.190000        0.2329378085        0.1335893984
       9.200000        0.2232035858        0.1407294250
       9.210000        0.2134460351        0.1480497498
       9.220000        0.2036661619        0.1555925055
       9.230000        0.1938649717        0.1634072257
       9.240000        0.1840434698        0.1715529102
       9.250000        0.1742026617        0.1801007994
       9.260000        0.1643435529        0.1891381574
       9.270000        0.1544671489        0.1987735204
       9.280000        0.1445744549        0.2091441209
       9.290000        0.1346664766        0.2204266145
       9.300000        0.1247442193        0.2328529649
       9.310000        0.1148086885        0.2467346318
       9.320000        0.1048608897        0.2625006086
       9.330000        0.0949018282        0.2807595396
       9.340000        0.0849325096        0.3024057981
       9.350000        0.0749539392        0.3288106790
       9.360000        0.0649671226        0.3621906798
       9.370000        0.0549730651        0.4063791706
       9.380000        0.0449727722        0.4686320584
       9.390000        0.0349672494        0.5645486370
       9.400000        0.0249575021        0.7349083070
       9.410000        0.0149445357        1.1308660621
       9.420000        0.0049293558        3.1690037960
       9.430000       -0.0050870324        2.5848856792
       9.440000       -0.0151036232        0.7740928324
       9.450000       -0.0251194114        0.3963374648
       9.460000       -0.0351333913        0.2310556278
       9.470000       -0.0451445576        0.1373022905
       9.480000       -0.0551519049        0.0762261251
       9.490000       -0.0651544277        0.0328034020
       9.500000       -0.0751511205        0.0000000508
       9.510000       -0.0851409455        0.0258781570
       9.520000       -0.0951227353        0.0468361224
       9.530000       -0.1050952899        0.0640851264
       9.540000       -0.1150574096        0.0784148792
       9.550000       -0.1250078945        0.0903617758
       9.560000       -0.1349455447        0.1003024358
       9.570000       -0.1448691604        0.1085085970
       9.580000       -0.1547775417        0.1151807879
       9.590000       -0.1646694888        0.1204697731
       9.600000       -0.1745438018        0.1244906535
       9.610000       -0.1843992808        0.1273323986
       9.620000       -0.1942347261        0.1290644486
       9.630000       -0.2040489377        0.1297413850
       9.640000       -0.2138407158        0.1294062990
       9.650000       -0.2236088606        0.1280932612
       9.660000       -0.2333521722        0.1258291610
       9.670000       -0.2430694507        0.1226350949
       9.680000       -0.2527594963        0.1185274278
       9.690000       -0.2624211091        0.1135186129
       9.700000       -0.2720530893        0.1076178330
       9.710000       -0.2816542370        0.1008315050
       9.720000       -0.2912233524        0.0931636815
       9.730000       -0.3007592356        0.0846163731
       9.740000       -0.3102606868        0.0751898073
       9.750000       -0.3197265061        0.0648826399
       9.760000       -0.3291554937        0.0536921269
       9.770000       -0.3385464496        0.0416142662
       9.780000       -0.3478981741        0.0286439138
       9.790000       -0.3572094673        0.0147748808
       9.800000       -0.3664791293        0.0000000131
       9.810000       -0.3757068741        0.0154455508
       9.820000       -0.3848960711        0.0304014842
       9.830000       -0.3940510032        0.0435855696
       9.840000       -0.4031759536        0.0538329921
       9.850000       -0.4122752054        0.0600821040
       9.860000       -0.4213530417        0.0613621481
       9.870000       -0.4304137456        0.0567826309
       9.880000       -0.4394616001        0.0455240909
       9.890000       -0.4485008885        0.0268300531
       9.900000       -0.4575358938        0.0000000054

Clamped spline
             x           Clamped S         Cd_Error(%) 
       1.010000        0.8398909685        0.8196286102
       1.020000        0.8383898311        1.6099121798
       1.030000        0.8369659628        2.3717543913
       1.040000        0.8356177537        3.1060229866
       1.050000        0.8343435942        3.8135514988
       1.060000        0.8331418744        4.4951408856
       1.070000        0.8320109846        5.1515610706
       1.080000        0.8309493150        5.7835523990
       1.090000        0.8299552558        6.3918270135
       1.100000        0.8290271973        6.9770701554
       1.110000        0.8281635297        7.5399413946
       1.120000        0.8273626432        8.0810757951
       1.130000        0.8266229281        8.6010850174
       1.140000        0.8259427745        9.1005583641
       1.150000        0.8253205727        9.5800637705
       1.160000        0.8247547130       10.0401487439
       1.170000        0.8242435855       10.4813412560
       1.180000        0.8237855805       10.9041505886
       1.190000        0.8233790882       11.3090681383
       1.200000        0.8230224988       11.6965681801
       1.210000        0.8227142026       12.0671085940
       1.220000        0.8224525898       12.4211315559
       1.230000        0.8222360507       12.7590641954
       1.240000        0.8220629753       13.0813192212
       1.250000        0.8219317541       13.3882955179
       1.260000        0.8218407772       13.6803787141
       1.270000        0.8217884348       13.9579417238
       1.280000        0.8217731171       14.2213452636
       1.290000        0.8217932145       14.4709383451
       1.300000        0.8218471170       14.7070587463
       1.310000        0.8219332150       14.9300334608
       1.320000        0.8220498987       15.1401791273
       1.330000        0.8221955583       15.3378024406
       1.340000        0.8223685840       15.5232005441
       1.350000        0.8225673661       15.6966614059
       1.360000        0.8227902947       15.8584641787
       1.370000        0.8230357602       16.0088795443
       1.380000        0.8233021527       16.1481700438
       1.390000        0.8235878625       16.2765903946
       1.400000        0.8238912797       16.3943877940
       1.410000        0.8242107947       16.5018022105
       1.420000        0.8245447977       16.5990666640
       1.430000        0.8248916788       16.6864074947
       1.440000        0.8252498283       16.7640446217
       1.450000        0.8256176364       16.8321917913
       1.460000        0.8259934935       16.8910568168
       1.470000        0.8263757896       16.9408418086
       1.480000        0.8267629150       16.9817433961
       1.490000        0.8271532600       17.0139529424
       1.500000        0.8275452147       17.0376567499
       1.510000        0.8279371694       17.0530362607
       1.520000        0.8283275144       17.0602682483
       1.530000        0.8287146398       17.0595250045
       1.540000        0.8290969359       17.0509745194
       1.550000        0.8294727929       17.0347806557
       1.560000        0.8298406011       17.0111033180
       1.570000        0.8301987506       16.9800986169
       1.580000        0.8305456317       16.9419190279
       1.590000        0.8308796347       16.8967135465
       1.600000        0.8311991496       16.8446278384
       1.610000        0.8315025669       16.7858043863
       1.620000        0.8317882767       16.7203826322
       1.630000        0.8320546692       16.6484991175
       1.640000        0.8323001346       16.5702876184
       1.650000        0.8325230633       16.4858792792
       1.660000        0.8327218454       16.3954027428
       1.670000        0.8328948711       16.2989842785
       1.680000        0.8330405307       16.1967479071
       1.690000        0.8331572143       16.0888155245
       1.700000        0.8332433123       15.9753070229
       1.710000        0.8332972149       15.8563404107
       1.720000        0.8333173123       15.7320319305
       1.730000        0.8333019946       15.6024961759
       1.740000        0.8332496522       15.4678462074
       1.750000        0.8331586753       15.3281936670
       1.760000        0.8330274540       15.1836488927
       1.770000        0.8328543787       15.0343210316
       1.780000        0.8326378395       14.8803181536
       1.790000        0.8323762268       14.7217473641
       1.800000        0.8320679306       14.5587149178
       1.810000        0.8317113412       14.3913263317
       1.820000        0.8313048489       14.2196864997
       1.830000        0.8308468439       14.0438998068
       1.840000        0.8303357164       13.8640702451
       1.850000        0.8297698567       13.6803015308
       1.860000        0.8291476549       13.4926972222
       1.870000        0.8284675013       13.3013608397
       1.880000        0.8277277862       13.1063959878
       1.890000        0.8269268997       12.9079064786
       1.900000        0.8260632321       12.7059964587
       1.910000        0.8251351736       12.5007705377
       1.920000        0.8241411144       12.2923339205
       1.930000        0.8230794448       12.0807925428
       1.940000        0.8219485550       11.8662532096
       1.950000        0.8207468352       11.6488237382
       1.960000        0.8194726757       11.4286131055
       1.970000        0.8181244666       11.2057315997
       1.980000        0.8167005983       10.9802909770
       1.990000        0.8151994608       10.7524046242
       2.000000        0.8136194446       10.5221877271
       2.010000        0.8119589397       10.2897574447
       2.020000        0.8102163364       10.0552330910
       2.030000        0.8083900250        9.8187363241
       2.040000        0.8064783957        9.5803913431
       2.050000        0.8044798386        9.3403250933
       2.060000        0.8023927441        9.0986674816
       2.070000        0.8002155024        8.8555516004
       2.080000        0.7979465036        8.6111139638
       2.090000        0.7955841380        8.3654947538
       2.100000        0.7931267959        8.1188380796
       2.110000        0.7905728674        7.8712922500
       2.120000        0.7879207428        7.6230100597
       2.130000        0.7851688124        7.3741490914
       2.140000        0.7823154663        7.1248720336
       2.150000        0.7793590948        6.8753470165
       2.160000        0.7762980880        6.6257479668
       2.170000        0.7731308363        6.3762549825
       2.180000        0.7698557299        6.1270547303
       2.190000        0.7664711590        5.8783408657
       2.200000        0.7629755137        5.6303144793
       2.210000        0.7593671844        5.3831845701
       2.220000        0.7556445613        5.1371685485
       2.230000        0.7518060346        4.8924927706
       2.240000        0.7478499945        4.6493931079
       2.250000        0.7437748313        4.4081155530
       2.260000        0.7395789351        4.1689168663
       2.270000        0.7352606963        3.9320652658
       2.280000        0.7308185050        3.6978411634
       2.290000        0.7262507514        3.4665379533
       2.300000        0.7215558259        3.2384628542
       2.310000        0.7167321185        3.0139378124
       2.320000        0.7117780197        2.7933004695
       2.330000        0.7066919195        2.5769052008
       2.340000        0.7014722082        2.3651242308
       2.350000        0.6961172760        2.1583488324
       2.360000        0.6906255132        1.9569906172
       2.370000        0.6849953100        1.7614829260
       2.380000        0.6792250565        1.5722823274
       2.390000        0.6733131432        1.3898702360
       2.400000        0.6672579601        1.2147546610
       2.410000        0.6610578975        1.0474720968
       2.420000        0.6547113456        0.8885895716
       2.430000        0.6482166947        0.7387068673
       2.440000        0.6415723350        0.5984589288
       2.450000        0.6347766566        0.4685184826
       2.460000        0.6278280499        0.3495988849
       2.470000        0.6207249051        0.2424572243
       2.480000        0.6134656124        0.1478977049
       2.490000        0.6060485620        0.0667753417
       2.500000        0.5984721441        0.0000000007
       2.510000        0.5907366618        0.0517831389
       2.520000        0.5828500691        0.0891966667
       2.530000        0.5748222328        0.1132211656
       2.540000        0.5666630197        0.1248840841
       2.550000        0.5583822967        0.1252644310
       2.560000        0.5499899306        0.1154979416
       2.570000        0.5414957883        0.0967827728
       2.580000        0.5329097365        0.0703857946
       2.590000        0.5242416420        0.0376495537
       2.600000        0.5155013718        0.0000000042
       2.610000        0.5066973710        0.0413253932
       2.620000        0.4978323986        0.0861482816
       2.630000        0.4889077919        0.1345710577
       2.640000        0.4799248882        0.1867064319
       2.650000        0.4708850250        0.2426784165
       2.660000        0.4617895396        0.3026234300
       2.670000        0.4526397694        0.3666915421
       2.680000        0.4434370516        0.4350478829
       2.690000        0.4341827236        0.5078742399
       2.700000        0.4248781229        0.5853708743
       2.710000        0.4155245867        0.6677585898
       2.720000        0.4061234524        0.7552810983
       2.730000        0.3966760574        0.8482077313
       2.740000        0.3871837389        0.9468365572
       2.750000        0.3776478344        1.0514979783
       2.760000        0.3680696813        1.1625588942
       2.770000        0.3584506168        1.2804275384
       2.780000        0.3487919783        1.4055591195
       2.790000        0.3390951032        1.5384624250
       2.800000        0.3293613288        1.6797075878
       2.810000        0.3195919925        1.8299352575
       2.820000        0.3097884316        1.9898674854
       2.830000        0.2999519835        2.1603207058
       2.840000        0.2900839855        2.3422213011
       2.850000        0.2801857750        2.5366243709
       2.860000        0.2702586894        2.7447365019
       2.870000        0.2603040659        2.9679435678
       2.880000        0.2503232420        3.2078449082
       2.890000        0.2403175550        3.4662956586
       2.900000        0.2302883423        3.7454595942
       2.910000        0.2202369411        4.0478756660
       2.920000        0.2101646889        4.3765425528
       2.930000        0.2000729230        4.7350271906
       2.940000        0.1899629808        5.1276056046
       2.950000        0.1798361996        5.5594478456
       2.960000        0.1696939168        6.0368640321
       2.970000        0.1595374696        6.5676364261
       2.980000        0.1493681956        7.1614748105
       2.990000        0.1391874320        7.8306521050
       3.000000        0.1289965161        8.5909093252
       3.010000        0.1187967854        9.4627731618
       3.020000        0.1085895772       10.4735237199
       3.030000        0.0983762288       11.6602202547
       3.040000        0.0881580776       13.0745138878
       3.050000        0.0779364610       14.7906130116
       3.060000        0.0677127162       16.9191061374
       3.070000        0.0574881807       19.6323693239
       3.080000        0.0472641918       23.2147240548
       3.090000        0.0370420868       28.1709265329
       3.100000        0.0268232032       35.4911595587
       3.110000        0.0166088782       47.4192905424
       3.120000        0.0064004492       70.3559056131
       3.130000       -0.0038007464      132.7865530276
       3.140000       -0.0139933713      978.6202649753
       3.150000       -0.0241760881      187.5624688861
       3.160000       -0.0343475595       86.6075558475
       3.170000       -0.0445064481       56.6933918365
       3.180000       -0.0546514166       42.3291643166
       3.190000       -0.0647811276       33.8772712962
       3.200000       -0.0748942438       28.3003730397
       3.210000       -0.0849894278       24.3371567863
       3.220000       -0.0950653422       21.3697723396
       3.230000       -0.1051206498       19.0599126536
       3.240000       -0.1151540131       17.2067799329
       3.250000       -0.1251640948       15.6836629544
       3.260000       -0.1351495575       14.4066522634
       3.270000       -0.1451090640       13.3179735996
       3.280000       -0.1550412768       12.3765463314
       3.290000       -0.1649448585       11.5523590443
       3.300000       -0.1748184720       10.8229754884
       3.310000       -0.1846607797       10.1712853817
       3.320000       -0.1944704443        9.5840116376
       3.330000       -0.2042461285        9.0506929768
       3.340000       -0.2139864949        8.5629742055
       3.350000       -0.2236902063        8.1141008188
       3.360000       -0.2333559251        7.6985524431
       3.370000       -0.2429823141        7.3117725685
       3.380000       -0.2525680359        6.9499662970
       3.390000       -0.2621117532        6.6099469419
       3.400000       -0.2716121286        6.2890182436
       3.410000       -0.2810678247        5.9848829135
       3.420000       -0.2904775042        5.6955708873
       3.430000       -0.2998398298        5.4193825016
       3.440000       -0.3091534641        5.1548430954
       3.450000       -0.3184170698        4.9006664426
       3.460000       -0.3276293094        4.6557250726
       3.470000       -0.3367888457        4.4190260132
       3.480000       -0.3458943412        4.1896908320
       3.490000       -0.3549444587        3.9669391140
       3.500000       -0.3639378608        3.7500747035
       3.510000       -0.3728732101        3.5384741850
       3.520000       -0.3817491692        3.3315771896
       3.530000       -0.3905644009        3.1288781971
       3.540000       -0.3993175678        2.9299195709
       3.550000       -0.4080073325        2.7342856154
       3.560000       -0.4166323576        2.5415974832
       3.570000       -0.4251913059        2.3515087945
       3.580000       -0.4336828399        2.1637018546
       3.590000       -0.4421056223        1.9778843756
       3.600000       -0.4504583158        1.7937866259
       3.610000       -0.4587395830        1.6111589428
       3.620000       -0.4669480865        1.4297695561
       3.630000       -0.4750824890        1.2494026770
       3.640000       -0.4831414532        1.0698568153
       3.650000       -0.4911236417        0.8909432940
       3.660000       -0.4990277170        0.7124849335
       3.670000       -0.5068523420        0.5343148843
       3.680000       -0.5145961792        0.3562755872
       3.690000       -0.5222578913        0.1782178461
       3.700000       -0.5298361409        0.0000000016
       3.710000       -0.5373298340        0.1784676259
       3.720000       -0.5447388499        0.3570933207
       3.730000       -0.5520633111        0.5357492548
       3.740000       -0.5593033402        0.7143172434
       3.750000       -0.5664590598        0.8926879358
       3.760000       -0.5735305925        1.0707600818
       3.770000       -0.5805180609        1.2484398685
       3.780000       -0.5874215876        1.4256403196
       3.790000       -0.5942412951        1.6022807509
       3.800000       -0.6009773060        1.7782862753
       3.810000       -0.6076297430        1.9535873528
       3.820000       -0.6141987286        2.1281193799
       3.830000       -0.6206843853        2.3018223160
       3.840000       -0.6270868358        2.4746403411
       3.850000       -0.6334062026        2.6465215436
       3.860000       -0.6396426084        2.8174176335
       3.870000       -0.6457961757        2.9872836802
       3.880000       -0.6518670272        3.1560778713
       3.890000       -0.6578552853        3.3237612910
       3.900000       -0.6637610726        3.4902977165
       3.910000       -0.6695845119        3.6556534300
       3.920000       -0.6753257255        3.8197970456
       3.930000       -0.6809848362        3.9826993498
       3.940000       -0.6865619665        4.1443331536
       3.950000       -0.6920572390        4.3046731560
       3.960000       -0.6974707763        4.4636958178
       3.970000       -0.7028027010        4.6213792443
       3.980000       -0.7080531355        4.7777030768
       3.990000       -0.7132222027        4.9326483921
       4.000000       -0.7183100249        5.0861976084
       4.010000       -0.7233167248        5.2383343987
       4.020000       -0.7282424250        5.3890436098
       4.030000       -0.7330872481        5.5383111866
       4.040000       -0.7378513166        5.6861241023
       4.050000       -0.7425347532        5.8324702927
       4.060000       -0.7471376804        5.9773385949
       4.070000       -0.7516602208        6.1207186906
       4.080000       -0.7561024970        6.2626010527
       4.090000       -0.7604646315        6.4029768952
       4.100000       -0.7647467470        6.5418381268
       4.110000       -0.7689489661        6.6791773071
       4.120000       -0.7730714113        6.8149876057
       4.130000       -0.7771142051        6.9492627638
       4.140000       -0.7810774703        7.0819970586
       4.150000       -0.7849613294        7.2131852689
       4.160000       -0.7887659049        7.3428226439
       4.170000       -0.7924913195        7.4709048733
       4.180000       -0.7961376956        7.5974280592
       4.190000       -0.7997051561        7.7223886900
       4.200000       -0.8031938233        7.8457836153
       4.210000       -0.8066038199        7.9676100228
       4.220000       -0.8099352684        8.0878654165
       4.230000       -0.8131882915        8.2065475956
       4.240000       -0.8163630118        8.3236546351
       4.250000       -0.8194595517        8.4391848679
       4.260000       -0.8224780340        8.5531368664
       4.270000       -0.8254185812        8.6655094274
       4.280000       -0.8282813158        8.7763015553
       4.290000       -0.8310663605        8.8855124485
       4.300000       -0.8337738378        8.9931414851
       4.310000       -0.8364038704        9.0991882097
       4.320000       -0.8389565807        9.2036523213
       4.330000       -0.8414320915        9.3065336616
       4.340000       -0.8438305252        9.4078322037
       4.350000       -0.8461520045        9.5075480417
       4.360000       -0.8483966520        9.6056813807
       4.370000       -0.8505645902        9.7022325275
       4.380000       -0.8526559416        9.7972018815
       4.390000       -0.8546708290        9.8905899263
       4.400000       -0.8566093749        9.9823972216
       4.410000       -0.8584717018       10.0726243956
       4.420000       -0.8602579324       10.1612721376
       4.430000       -0.8619681893       10.2483411914
       4.440000       -0.8636025949       10.3338323484
       4.450000       -0.8651612720       10.4177464415
       4.460000       -0.8666443430       10.5000843393
       4.470000       -0.8680519306       10.5808469403
       4.480000       -0.8693841574       10.6600351676
       4.490000       -0.8706411459       10.7376499638
       4.500000       -0.8718230187       10.8136922858
       4.510000       -0.8729298985       10.8881631009
       4.520000       -0.8739619077       10.9610633816
       4.530000       -0.8749191690       11.0323941019
       4.540000       -0.8758018050       11.1021562330
       4.550000       -0.8766099383       11.1703507396
       4.560000       -0.8773436913       11.2369785761
       4.570000       -0.8780031868       11.3020406833
       4.580000       -0.8785885473       11.3655379848
       4.590000       -0.8790998953       11.4274713841
       4.600000       -0.8795373535       11.4878417612
       4.610000       -0.8799010445       11.5466499700
       4.620000       -0.8801910908       11.6038968352
       4.630000       -0.8804076151       11.6595831500
       4.640000       -0.8805507398       11.7137096731
       4.650000       -0.8806205876       11.7662771264
       4.660000       -0.8806172811       11.8172861930
       4.670000       -0.8805409429       11.8667375142
       4.680000       -0.8803916955       11.9146316879
       4.690000       -0.8801696615       11.9609692665
       4.700000       -0.8798749635       12.0057507544
       4.710000       -0.8795077242       12.0489766067
       4.720000       -0.8790680660       12.0906472270
       4.730000       -0.8785561115       12.1307629654
       4.740000       -0.8779719834       12.1693241173
       4.750000       -0.8773158043       12.2063309214
       4.760000       -0.8765876966       12.2417835581
       4.770000       -0.8757877831       12.2756821482
       4.780000       -0.8749161862       12.3080267509
       4.790000       -0.8739730286       12.3388173631
       4.800000       -0.8729584329       12.3680539172
       4.810000       -0.8718725216       12.3957362805
       4.820000       -0.8707154173       12.4218642532
       4.830000       -0.8694872426       12.4464375677
       4.840000       -0.8681881202       12.4694558870
       4.850000       -0.8668181724       12.4909188037
       4.860000       -0.8653775221       12.5108258389
       4.870000       -0.8638662917       12.5291764407
       4.880000       -0.8622846038       12.5459699836
       4.890000       -0.8606325810       12.5612057671
       4.900000       -0.8589103459       12.5748830146
       4.910000       -0.8571180211       12.5870008730
       4.920000       -0.8552557292       12.5975584107
       4.930000       -0.8533235927       12.6065546175
       4.940000       -0.8513217342       12.6139884035
       4.950000       -0.8492502763       12.6198585976
       4.960000       -0.8471093417       12.6241639473
       4.970000       -0.8448990528       12.6269031176
       4.980000       -0.8426195323       12.6280746899
       4.990000       -0.8402709028       12.6276771614
       5.000000       -0.8378532867       12.6257089442
       5.010000       -0.8353668069       12.6221683645
       5.020000       -0.8328115857       12.6170536617
       5.030000       -0.8301877458       12.6103629877
       5.040000       -0.8274954097       12.6020944062
       5.050000       -0.8247347002       12.5922458918
       5.060000       -0.8219057396       12.5808153292
       5.070000       -0.8190086507       12.5678005128
       5.080000       -0.8160435561       12.5531991454
       5.090000       -0.8130105782       12.5370088382
       5.100000       -0.8099098396       12.5192271093
       5.110000       -0.8067414631       12.4998513837
       5.120000       -0.8035055711       12.4788789924
       5.130000       -0.8002022862       12.4563071713
       5.140000       -0.7968317310       12.4321330614
       5.150000       -0.7933940282       12.4063537072
       5.160000       -0.7898893002       12.3789660568
       5.170000       -0.7863176697       12.3499669608
       5.180000       -0.7826792592       12.3193531722
       5.190000       -0.7789741914       12.2871213450
       5.200000       -0.7752025888       12.2532680345
       5.210000       -0.7713645740       12.2177896961
       5.220000       -0.7674602696       12.1806826850
       5.230000       -0.7634897982       12.1419432555
       5.240000       -0.7594532823       12.1015675607
       5.250000       -0.7553508445       12.0595516518
       5.260000       -0.7511826075       12.0158914775
       5.270000       -0.7469486938       11.9705828840
       5.280000       -0.7426492260       11.9236216140
       5.290000       -0.7382843267       11.8750033064
       5.300000       -0.7338541184       11.8247234963
       5.310000       -0.7293587238       11.7727776140
       5.320000       -0.7247982654       11.7191609851
       5.330000       -0.7201728659       11.6638688301
       5.340000       -0.7154826477       11.6068962638
       5.350000       -0.7107277335       11.5482382957
       5.360000       -0.7059082459       11.4878898290
       5.370000       -0.7010243074       11.4258456612
       5.380000       -0.6960760407       11.3621004835
       5.390000       -0.6910635683       11.2966488809
       5.400000       -0.6859870128       11.2294853323
       5.410000       -0.6808464968       11.1606042103
       5.420000       -0.6756421428       11.0899997817
       5.430000       -0.6703740735       11.0176662075
       5.440000       -0.6650424115       10.9435975434
       5.450000       -0.6596472793       10.8677877398
       5.460000       -0.6541887995       10.7902306429
       5.470000       -0.6486670947       10.7109199948
       5.480000       -0.6430822874       10.6298494347
       5.490000       -0.6374345004       10.5470124992
       5.500000       -0.6317238560       10.4624026242
       5.510000       -0.6259504770       10.3760131452
       5.520000       -0.6201144860       10.2878372992
       5.530000       -0.6142160054       10.1978682264
       5.540000       -0.6082551579       10.1060989717
       5.550000       -0.6022320661       10.0125224868
       5.560000       -0.5961468525        9.9171316328
       5.570000       -0.5899996398        9.8199191827
       5.580000       -0.5837905505        9.7208778242
       5.590000       -0.5775197071        9.6200001633
       5.600000       -0.5711872324        9.5172787280
       5.610000       -0.5647932489        9.4127059724
       5.620000       -0.5583378791        9.3062742815
       5.630000       -0.5518212456        9.1979759766
       5.640000       -0.5452434711        9.0878033210
       5.650000       -0.5386046781        8.9757485266
       5.660000       -0.5319049892        8.8618037614
       5.670000       -0.5251445270        8.7459611579
       5.680000       -0.5183234140        8.6282128218
       5.690000       -0.5114417729        8.5085508430
       5.700000       -0.5044997262        8.3869673066
       5.710000       -0.4974973965        8.2634543062
       5.720000       -0.4904349064        8.1380039581
       5.730000       -0.4833123785        8.0106084179
       5.740000       -0.4761299354        7.8812598982
       5.750000       -0.4688876996        7.7499506897
       5.760000       -0.4615857938        7.6166731838
       5.770000       -0.4542243405        7.4814198989
       5.780000       -0.4468034623        7.3441835093
       5.790000       -0.4393232817        7.2049568787
       5.800000       -0.4317839215        7.0637330973
       5.810000       -0.4241855041        6.9205055245
       5.820000       -0.4165281522        6.7752678371
       5.830000       -0.4088119882        6.6280140839
       5.840000       -0.4010371349        6.4787387487
       5.850000       -0.3932037148        6.3274368217
       5.860000       -0.3853118505        6.1741038814
       5.870000       -0.3773616645        6.0187361895
       5.880000       -0.3693532795        5.8613307987
       5.890000       -0.3612868180        5.7018856793
       5.900000       -0.3531624026        5.5403998641
       5.910000       -0.3449801559        5.3768736187
       5.920000       -0.3367402005        5.2113086389
       5.930000       -0.3284426590        5.0437082831
       5.940000       -0.3200876539        4.8740778454
       5.950000       -0.3116753079        4.7024248783
       5.960000       -0.3032057435        4.5287595759
       5.970000       -0.2946790833        4.3530952314
       5.980000       -0.2860954498        4.1754487853
       5.990000       -0.2774549658        3.9958414863
       6.000000       -0.2687577537        3.8142996935
       6.010000       -0.2600039362        3.6308558548
       6.020000       -0.2511936357        3.4455497094
       6.030000       -0.2423269750        3.2584297763
       6.040000       -0.2334040766        3.0695552102
       6.050000       -0.2244250631        2.8789981365
       6.060000       -0.2153900570        2.6868466147
       6.070000       -0.2062991810        2.4932084365
       6.080000       -0.1971525576        2.2982160471
       6.090000       -0.1879503094        2.1020329961
       6.100000       -0.1786925590        1.9048625022
       6.110000       -0.1693794290        1.7069589862
       6.120000       -0.1600110420        1.5086438474
       6.130000       -0.1505875205        1.3103274189
       6.140000       -0.1411089872        1.1125401265
       6.150000       -0.1315755646        0.9159776854
       6.160000       -0.1219873753        0.7215683140
       6.170000       -0.1123445419        0.5305755794
       6.180000       -0.1026471869        0.3447610488
       6.190000       -0.0928954330        0.1666516715
       6.200000       -0.0830894028        0.0000000211
       6.210000       -0.0732303340        0.1509033393
       6.220000       -0.0633239254        0.2861004280
       6.230000       -0.0533769910        0.4077375849
       6.240000       -0.0433963447        0.5199204553
       6.250000       -0.0333888004        0.6316722439
       6.260000       -0.0233611723        0.7675474527
       6.270000       -0.0133202741        1.0265436105
       6.280000       -0.0032729200        2.7507029735
       6.290000        0.0067740762        0.5952457742
       6.300000        0.0168139005        0.0000000931
       6.310000        0.0268409695        0.1099900827
       6.320000        0.0368546222        0.1310771034
       6.330000        0.0468554281        0.1235819153
       6.340000        0.0568439569        0.1053543357
       6.350000        0.0668207780        0.0835565079
       6.360000        0.0767864612        0.0616202403
       6.370000        0.0867415758        0.0413959392
       6.380000        0.0966866916        0.0239697610
       6.390000        0.1066223781        0.0100217530
       6.400000        0.1165492049        0.0000000425
       6.410000        0.1264674060        0.0060526621
       6.420000        0.1363758735        0.0090891146
       6.430000        0.1462731638        0.0100324320
       6.440000        0.1561578337        0.0095713486
       6.450000        0.1660284396        0.0082306208
       6.460000        0.1758835380        0.0064175418
       6.470000        0.1857216855        0.0044535183
       6.480000        0.1955414387        0.0025960206
       6.490000        0.2053413540        0.0010541668
       6.500000        0.2151199881        0.0000000057
       6.510000        0.2248760205        0.0004779750
       6.520000        0.2346086231        0.0005145592
       6.530000        0.2443170909        0.0002722811
       6.540000        0.2540007187        0.0001122941
       6.550000        0.2636588016        0.0005237007
       6.560000        0.2732906344        0.0008637676
       6.570000        0.2828955120        0.0010486097
       6.580000        0.2924727295        0.0010062274
       6.590000        0.3020215816        0.0006745767
       6.600000        0.3115413635        0.0000000043
       6.610000        0.3210312347        0.0010218902
       6.620000        0.3304898137        0.0022305303
       6.630000        0.3399155839        0.0034426094
       6.640000        0.3493070284        0.0044937010
       6.650000        0.3586626306        0.0052355967
       6.660000        0.3679808738        0.0055340675
       6.670000        0.3772602410        0.0052669707
       6.680000        0.3864992158        0.0043226425
       6.690000        0.3956962812        0.0025985261
       6.700000        0.4048499206        0.0000000041
       6.710000        0.4139587647        0.0035250179
       6.720000        0.4230220345        0.0078861166
       6.730000        0.4320390983        0.0129678489
       6.740000        0.4410093245        0.0186656625
       6.750000        0.4499320815        0.0248847424
       6.760000        0.4588067377        0.0315389978
       6.770000        0.4676326615        0.0385501731
       6.780000        0.4764092213        0.0458470667
       6.790000        0.4851357855        0.0533648435
       6.800000        0.4938117225        0.0610444267
       6.810000        0.5024364006        0.0688319599
       6.820000        0.5110091884        0.0766783297
       6.830000        0.5195294541        0.0845387405
       6.840000        0.5279965662        0.0923723363
       6.850000        0.5364098931        0.1001418628
       6.860000        0.5447688032        0.1078133644
       6.870000        0.5530726648        0.1153559139
       6.880000        0.5613208463        0.1227413681
       6.890000        0.5695127162        0.1299441500
       6.900000        0.5776476429        0.1369410506
       6.910000        0.5857249947        0.1437110518
       6.920000        0.5937441401        0.1502351654
       6.930000        0.6017044473        0.1564962880
       6.940000        0.6096052850        0.1624790692
       6.950000        0.6174460213        0.1681697926
       6.960000        0.6252260248        0.1735562676
       6.970000        0.6329446638        0.1786277308
       6.980000        0.6406013067        0.1833747570
       6.990000        0.6481953220        0.1877891779
       7.000000        0.6557260779        0.1918640079
       7.010000        0.6631929429        0.1955933771
       7.020000        0.6705952855        0.1989724696
       7.030000        0.6779324739        0.2019974677
       7.040000        0.6852038767        0.2046655011
       7.050000        0.6924088621        0.2069746004
       7.060000        0.6995467986        0.2089236544
       7.070000        0.7066170547        0.2105123723
       7.080000        0.7136189985        0.2117412480
       7.090000        0.7205519987        0.2126115284
       7.100000        0.7274154235        0.2131251845
       7.110000        0.7342086414        0.2132848853
       7.120000        0.7409310208        0.2130939734
       7.130000        0.7475819300        0.2125564443
       7.140000        0.7541607374        0.2116769263
       7.150000        0.7606668116        0.2104606635
       7.160000        0.7670995207        0.2089135004
       7.170000        0.7734582333        0.2070418675
       7.180000        0.7797423178        0.2048527696
       7.190000        0.7859511425        0.2023537747
       7.200000        0.7920840758        0.1995530050
       7.210000        0.7981404861        0.1964591283
       7.220000        0.8041197419        0.1930813521
       7.230000        0.8100212115        0.1894294169
       7.240000        0.8158442633        0.1855135929
       7.250000        0.8215882657        0.1813446754
       7.260000        0.8272525871        0.1769339835
       7.270000        0.8328365959        0.1722933577
       7.280000        0.8383396605        0.1674351599
       7.290000        0.8437611493        0.1623722737
       7.300000        0.8491004307        0.1571181053
       7.310000        0.8543568731        0.1516865860
       7.320000        0.8595298449        0.1460921746
       7.330000        0.8646187144        0.1403498612
       7.340000        0.8696228502        0.1344751716
       7.350000        0.8745416205        0.1284841724
       7.360000        0.8793743937        0.1223934766
       7.370000        0.8841205384        0.1162202505
       7.380000        0.8887794227        0.1099822205
       7.390000        0.8933504153        0.1036976817
       7.400000        0.8978328844        0.0973855059
       7.410000        0.9022261984        0.0910651512
       7.420000        0.9065297258        0.0847566720
       7.430000        0.9107428349        0.0784807297
       7.440000        0.9148648942        0.0722586042
       7.450000        0.9188952720        0.0661122058
       7.460000        0.9228333367        0.0600640880
       7.470000        0.9266784568        0.0541374610
       7.480000        0.9304300005        0.0483562062
       7.490000        0.9340873364        0.0427448906
       7.500000        0.9376498328        0.0373287829
       7.510000        0.9411168581        0.0321338695
       7.520000        0.9444877807        0.0271868721
       7.530000        0.9477619690        0.0225152655
       7.540000        0.9509387914        0.0181472959
       7.550000        0.9540176163        0.0141120013
       7.560000        0.9569978121        0.0104392308
       7.570000        0.9598787471        0.0071596670
       7.580000        0.9626597899        0.0043048472
       7.590000        0.9653403087        0.0019071868
       7.600000        0.9679196720        0.0000000033
       7.610000        0.9703974056        0.0013986832
       7.620000        0.9727736651        0.0023344801
       7.630000        0.9750487634        0.0028674193
       7.640000        0.9772230137        0.0030557277
       7.650000        0.9792967289        0.0029559028
       7.660000        0.9812702220        0.0026227850
       7.670000        0.9831438060        0.0021096269
       7.680000        0.9849177940        0.0014681603
       7.690000        0.9865924990        0.0007486594
       7.700000        0.9881682339        0.0000000023
       7.710000        0.9896452520        0.0007363083
       7.720000        0.9910235676        0.0014441372
       7.730000        0.9923031351        0.0021144449
       7.740000        0.9934839089        0.0027392163
       7.750000        0.9945658435        0.0033114466
       7.760000        0.9955488934        0.0038251299
       7.770000        0.9964330129        0.0042752485
       7.780000        0.9972181567        0.0046577639
       7.790000        0.9979042790        0.0049696092
       7.800000        0.9984913344        0.0052086833
       7.810000        0.9989792773        0.0053738454
       7.820000        0.9993680623        0.0054649123
       7.830000        0.9996576436        0.0054826557
       7.840000        0.9998479758        0.0054288018
       7.850000        0.9999390134        0.0053060321
       7.860000        0.9999307108        0.0051179847
       7.870000        0.9998230224        0.0048692583
       7.880000        0.9996159027        0.0045654163
       7.890000        0.9993093062        0.0042129934
       7.900000        0.9989031873        0.0038195024
       7.910000        0.9983975004        0.0033934430
       7.920000        0.9977922001        0.0029443126
       7.930000        0.9970872407        0.0024826171
       7.940000        0.9962825768        0.0020198845
       7.950000        0.9953781627        0.0015686789
       7.960000        0.9943739530        0.0011426171
       7.970000        0.9932699021        0.0007563857
       7.980000        0.9920659644        0.0004257603
       7.990000        0.9907620944        0.0001676266
       8.000000        0.9893582466        0.0000000024
       8.010000        0.9878544542        0.0000659195
       8.020000        0.9862510660        0.0000497929
       8.030000        0.9845485094        0.0000216486
       8.040000        0.9827472119        0.0001225288
       8.050000        0.9808476012        0.0002278077
       8.060000        0.9788501046        0.0003132631
       8.070000        0.9767551498        0.0003554712
       8.080000        0.9745631642        0.0003317904
       8.090000        0.9722745754        0.0002203438
       8.100000        0.9698898108        0.0000000046
       8.110000        0.9674091820        0.0003376281
       8.120000        0.9648325366        0.0007520146
       8.130000        0.9621596061        0.0011891727
       8.140000        0.9593901219        0.0015935361
       8.150000        0.9565238156        0.0019078789
       8.160000        0.9535604188        0.0020732375
       8.170000        0.9504996630        0.0020288276
       8.180000        0.9473412797        0.0017119584
       8.190000        0.9440850004        0.0010579426
       8.200000        0.9407305567        0.0000000022
       8.210000        0.9372778394        0.0015138331
       8.220000        0.9337273767        0.0034693205
       8.230000        0.9300798560        0.0058361474
       8.240000        0.9263359647        0.0085847858
       8.250000        0.9224963903        0.0116864729
       8.260000        0.9185618203        0.0151131913
       8.270000        0.9145329421        0.0188376508
       8.280000        0.9104104432        0.0228332705
       8.290000        0.9061950109        0.0270741617
       8.300000        0.9018873329        0.0315351114
       8.310000        0.8974880964        0.0361915668
       8.320000        0.8929979890        0.0410196200
       8.330000        0.8884176980        0.0459959935
       8.340000        0.8837479111        0.0510980270
       8.350000        0.8789893155        0.0563036632
       8.360000        0.8741425989        0.0615914362
       8.370000        0.8692084485        0.0669404592
       8.380000        0.8641875518        0.0723304130
       8.390000        0.8590805964        0.0777415357
       8.400000        0.8538882697        0.0831546122
       8.410000        0.8486112590        0.0885509650
       8.420000        0.8432502520        0.0939124451
       8.430000        0.8378059359        0.0992214238
       8.440000        0.8322789983        0.1044607850
       8.450000        0.8266701266        0.1096139180
       8.460000        0.8209800082        0.1146647116
       8.470000        0.8152093307        0.1195975476
       8.480000        0.8093587815        0.1243972960
       8.490000        0.8034290479        0.1290493106
       8.500000        0.7974208175        0.1335394251
       8.510000        0.7913347778        0.1378539500
       8.520000        0.7851716160        0.1419796702
       8.530000        0.7789320199        0.1459038436
       8.540000        0.7726166766        0.1496142000
       8.550000        0.7662262738        0.1530989411
       8.560000        0.7597614989        0.1563467418
       8.570000        0.7532230393        0.1593467511
       8.580000        0.7466115824        0.1620885959
       8.590000        0.7399278157        0.1645623835
       8.600000        0.7331724268        0.1667587073
       8.610000        0.7263461029        0.1686686522
       8.620000        0.7194495316        0.1702838017
       8.630000        0.7124834003        0.1715962465
       8.640000        0.7054483965        0.1725985938
       8.650000        0.6983452077        0.1732839790
       8.660000        0.6911745211        0.1736460780
       8.670000        0.6839370244        0.1736791223
       8.680000        0.6766334050        0.1733779145
       8.690000        0.6692643503        0.1727378474
       8.700000        0.6618305478        0.1717549243
       8.710000        0.6543326849        0.1704257816
       8.720000        0.6467714490        0.1687477150
       8.730000        0.6391475277        0.1667187069
       8.740000        0.6314616084        0.1643374587
       8.750000        0.6237143784        0.1616034251
       8.760000        0.6159065254        0.1585168528
       8.770000        0.6080387367        0.1550788233
       8.780000        0.6001116997        0.1512913004
       8.790000        0.5921261020        0.1471571819
       8.800000        0.5840826309        0.1426803583
       8.810000        0.5759819740        0.1378657762
       8.820000        0.5678248187        0.1327195099
       8.830000        0.5596118523        0.1272488402
       8.840000        0.5513437625        0.1214623413
       8.850000        0.5430212366        0.1153699786
       8.860000        0.5346449620        0.1089832161
       8.870000        0.5262156263        0.1023151368
       8.880000        0.5177339169        0.0953805764
       8.890000        0.5092005212        0.0881962732
       8.900000        0.5006161266        0.0807810346
       8.910000        0.4919814207        0.0731559244
       8.920000        0.4832970909        0.0653444729
       8.930000        0.4745638246        0.0573729119
       8.940000        0.4657823093        0.0492704408
       8.950000        0.4569532324        0.0410695258
       8.960000        0.4480772814        0.0328062383
       8.970000        0.4391551437        0.0245206393
       8.980000        0.4301875068        0.0162572146
       8.990000        0.4211750582        0.0080653724
       9.000000        0.4121184852        0.0000000101
       9.010000        0.4030185284        0.0078909870
       9.020000        0.3938761401        0.0156079043
       9.030000        0.3846923258        0.0231636030
       9.040000        0.3754680911        0.0305709783
       9.050000        0.3662044412        0.0378430062
       9.060000        0.3569023817        0.0449927972
       9.070000        0.3475629180        0.0520336576
       9.080000        0.3381870556        0.0589791613
       9.090000        0.3287757998        0.0658432338
       9.100000        0.3193301562        0.0726402504
       9.110000        0.3098511302        0.0793851522
       9.120000        0.3003397272        0.0860935849
       9.130000        0.2907969527        0.0927820645
       9.140000        0.2812238121        0.0994681772
       9.150000        0.2716213108        0.1061708221
       9.160000        0.2619904544        0.1129105085
       9.170000        0.2523322483        0.1197097217
       9.180000        0.2426476978        0.1265933787
       9.190000        0.2329378085        0.1335893987
       9.200000        0.2232035858        0.1407294253
       9.210000        0.2134460351        0.1480497501
       9.220000        0.2036661619        0.1555925059
       9.230000        0.1938649717        0.1634072260
       9.240000        0.1840434698        0.1715529106
       9.250000        0.1742026617        0.1801007998
       9.260000        0.1643435529        0.1891381578
       9.270000        0.1544671489        0.1987735209
       9.280000        0.1445744549        0.2091441214
       9.290000        0.1346664766        0.2204266149
       9.300000        0.1247442193        0.2328529654
       9.310000        0.1148086885        0.2467346323
       9.320000        0.1048608897        0.2625006091
       9.330000        0.0949018282        0.2807595401
       9.340000        0.0849325096        0.3024057986
       9.350000        0.0749539392        0.3288106796
       9.360000        0.0649671226        0.3621906804
       9.370000        0.0549730651        0.4063791712
       9.380000        0.0449727722        0.4686320591
       9.390000        0.0349672494        0.5645486378
       9.400000        0.0249575021        0.7349083081
       9.410000        0.0149445357        1.1308660636
       9.420000        0.0049293558        3.1690038001
       9.430000       -0.0050870324        2.5848856824
       9.440000       -0.0151036232        0.7740928334
       9.450000       -0.0251194114        0.3963374653
       9.460000       -0.0351333913        0.2310556281
       9.470000       -0.0451445576        0.1373022906
       9.480000       -0.0551519049        0.0762261252
       9.490000       -0.0651544277        0.0328034021
       9.500000       -0.0751511205        0.0000000508
       9.510000       -0.0851409455        0.0258781570
       9.520000       -0.0951227353        0.0468361225
       9.530000       -0.1050952899        0.0640851264
       9.540000       -0.1150574096        0.0784148793
       9.550000       -0.1250078945        0.0903617758
       9.560000       -0.1349455447        0.1003024359
       9.570000       -0.1448691604        0.1085085970
       9.580000       -0.1547775417        0.1151807880
       9.590000       -0.1646694888        0.1204697732
       9.600000       -0.1745438018        0.1244906536
       9.610000       -0.1843992808        0.1273323987
       9.620000       -0.1942347261        0.1290644486
       9.630000       -0.2040489377        0.1297413850
       9.640000       -0.2138407158        0.1294062990
       9.650000       -0.2236088606        0.1280932612
       9.660000       -0.2333521722        0.1258291610
       9.670000       -0.2430694507        0.1226350950
       9.680000       -0.2527594963        0.1185274278
       9.690000       -0.2624211091        0.1135186130
       9.700000       -0.2720530893        0.1076178330
       9.710000       -0.2816542370        0.1008315050
       9.720000       -0.2912233524        0.0931636815
       9.730000       -0.3007592356        0.0846163731
       9.740000       -0.3102606868        0.0751898073
       9.750000       -0.3197265061        0.0648826399
       9.760000       -0.3291554937        0.0536921269
       9.770000       -0.3385464496        0.0416142662
       9.780000       -0.3478981741        0.0286439138
       9.790000       -0.3572094673        0.0147748808
       9.800000       -0.3664791293        0.0000000131
       9.810000       -0.3757068741        0.0154455508
       9.820000       -0.3848960711        0.0304014842
       9.830000       -0.3940510032        0.0435855696
       9.840000       -0.4031759536        0.0538329921
       9.850000       -0.4122752054        0.0600821040
       9.860000       -0.4213530417        0.0613621481
       9.870000       -0.4304137456        0.0567826309
       9.880000       -0.4394616001        0.0455240909
       9.890000       -0.4485008885        0.0268300531
       9.900000       -0.4575358938        0.0000000054
